1.30952e+00
1.06057e+00
7.47774e-01
2.16516e+00
2.10613e+00
2.11857e+00
2.84652e+00
2.30897e+00
2.69448e+00
4.20236e+00
9.83746e-01
3.61109e+00
3.75610e+00
9.42979e-01
5.66518e+00
1.34295e+00
5.33128e+00
5.38677e+00
1.03082e+00
1.43892e+00
1.86900e+00
6.84740e+00
7.06781e+00
1.69347e+00
2.41246e+00
2.37339e+00
8.54626e+00
7.44177e-01
8.73108e+00
2.37794e+00
3.05400e+00
6.31241e-01
3.32652e+00
1.02108e+01
1.01269e+01
2.90110e+00
9.39849e-01
4.38011e+00
1.03470e+00
1.08348e+00
4.41144e+00
1.14690e+01
8.27864e-01
1.17743e+01
1.29335e+00
4.90097e+00
1.44532e+00
7.89820e+00
9.71672e-01
1.36294e+00
2.32167e+00
1.31033e+00
7.71725e+00
1.50370e+01
1.47613e+00
2.21937e+00
1.46810e+01
1.34599e+00
1.43858e+00
8.00614e+00
2.30720e+00
5.85555e-01
8.42994e+00
1.05612e+00
1.59975e+00
2.24844e+00
1.66356e+00
7.98411e+00
1.69862e+01
1.60824e+00
2.20859e+00
1.65316e+01
1.32348e+00
1.45552e+00
8.37893e+00
2.37616e+00
1.05108e+01
2.49323e+00
3.49577e+00
1.80584e+00
3.58277e+00
2.21332e+01
1.82435e+00
1.02490e+01
3.48786e+00
7.37885e-01
4.34169e+00
2.55936e+00
9.46779e-01
2.92340e+00
5.85757e-01
4.11907e+00
2.29086e+00
2.50903e+00
9.52715e-01
4.34901e+00
5.79223e-01
4.80292e+00
5.20274e-01
3.01124e+00
3.03820e+00
7.96689e-01
3.46023e+00
7.77936e-01
3.43011e+00
1.01073e+00
1.04138e+00
9.37710e-01
4.75645e+00
1.17976e+00
9.49283e-01
1.78740e+00
1.52870e+00
6.96718e-01
8.19078e-01
1.85198e+00
1.41483e+00
9.22916e-01
6.88288e-01
1.72229e+00
2.53909e+00
2.17933e+00
2.48975e+00
1.44675e+00
1.95145e+00
3.89808e+00
1.49284e+00
9.86788e-01
3.04577e+00
1.99826e-01
7.90793e-01
3.94311e+00
2.02067e+00
1.03093e+00
6.74667e-01
8.56839e-01
1.09191e+00
1.00716e+00
1.08060e+00
5.63614e-01
1.01457e+00
9.73802e-01
1.50407e+00
1.10781e+00
8.25089e-01
2.01540e+00
1.29162e+00
1.97273e+00
1.15865e+00
9.41123e-01
8.25381e-01
3.22126e+00
9.16003e-01
2.90410e+00
1.15469e+00
6.49195e-01
8.80287e-01
1.03032e+00
1.09731e+00
1.23766e+00
9.79311e-01
1.73789e+00
1.49171e+00
2.01405e+00
1.84761e+00
2.68371e+00
9.82558e-01
5.91592e-01
2.41057e+00
1.01110e+00
9.07092e-01
7.64660e-01
1.03743e+00
7.47097e-01
1.19456e+00
5.88494e-01
9.17308e-02
1.37192e+00
1.09648e+00
1.35875e+00
1.44506e+00
1.04815e+00
1.35808e+00
1.21130e+00
1.81838e+00
1.72540e+00
1.34010e+00
1.50800e+00
1.92802e+00
1.65263e+00
1.66353e+00
2.79211e+00
3.01104e+00
1.96732e+00
1.92623e+00
2.69983e+00
1.19349e+00
1.97128e+00
1.82801e+00
7.24508e-01
9.66020e-01
1.23561e+00
2.18129e+00
2.11857e+00
3.66423e+00
1.50148e+00
9.31011e+00
2.00242e+00
2.14384e+00
1.25490e+00
1.08803e+01
1.25151e+00
2.40926e+00
2.91056e+00
4.20125e+00
1.45965e+00
2.49378e+00
2.96541e+00
1.08804e+00
1.60394e+00
1.48355e+00
2.98786e+00
2.79809e+00
1.29293e+01
2.97008e+00
2.84094e+00
1.13845e+00
1.91893e+00
3.40327e+00
3.94913e+00
3.32254e+00
4.02696e+00
4.14319e+00
7.44051e+00
4.85750e+00
3.96445e+00
8.66689e-01
9.79643e+00
4.52918e+00
9.65426e+00
6.45182e+00
6.77238e-01
5.53538e+00
8.93548e-01
9.86746e-01
7.68442e-01
1.25210e+01
4.84602e-01
9.56394e-01
7.42143e-01
9.50338e-01
1.11464e+00
6.56194e-01
1.26398e+00
9.67035e-01
8.24273e-01
1.34655e+00
9.34624e-01
8.23673e-01
1.05912e+00
8.91037e-01
1.32111e+00
1.55468e+00
2.15909e+00
8.87431e-01
8.61789e-01
1.74020e+00
9.89645e-01
1.30571e+00
9.50476e-01
2.19691e+00
3.87299e-01
1.78235e+00
9.51993e-01
2.62769e+00
1.05040e+00
1.56848e+00
9.62665e-01
1.69310e+00
7.60940e-01
2.78805e+00
1.81345e+00
1.37790e+00
5.97951e+00
6.70721e-01
1.80784e+00
1.39206e+00
1.77393e+00
3.07994e+00
9.56912e-01
2.34323e+00
1.54275e+00
1.75696e+00
1.16411e+00
1.11142e+00
2.33536e+00
2.03425e+00
1.48741e+00
2.60250e+00
1.09597e+00
1.16785e+00
7.69956e+00
2.38158e+00
1.98606e+00
1.96308e+00
1.45376e+00
2.59402e+00
2.28279e+00
1.72419e+00
2.85805e+00
1.36872e+00
2.18251e+00
6.02570e-01
1.39798e+00
3.06623e+00
2.30012e+00
1.77385e+00
3.33215e+00
1.16867e+00
2.65431e+00
2.18236e+00
2.50871e+00
3.00466e+00
1.45176e+00
1.54431e+00
1.40366e+00
2.68737e+00
7.28951e-01
2.83318e+00
3.04027e+00
8.51545e-01
3.07081e+00
9.85246e-01
3.38567e+00
3.39075e+00
2.42006e+00
4.21544e+00
4.37698e+00
4.69308e+00
1.91288e+00
3.92668e+00
5.77627e+00
5.32326e+00
5.96208e+00
6.71236e+00
8.17478e+00
7.81049e+00
8.52233e+00
9.92463e+00
9.44795e+00
1.00916e+01
1.17992e+01
1.08392e+01
1.18221e+01
1.29939e+01
1.32316e+01
1.31427e+01
1.67486e+01
1.01146e+00
1.64158e+01
6.52711e-01
1.57205e+01
1.85992e+01
6.61803e-01
3.16104e+01
3.09885e+01
3.10204e+01
3.68230e+01
6.37300e-01
3.58984e+01
3.68374e+01
4.42329e+01
4.32986e+01
9.32084e-01
4.48073e+01
7.39476e-01
4.86773e+01
1.11208e+00
4.81484e+01
7.63624e-01
8.39395e-01
4.90756e+01
8.92547e-01
7.52805e-01
5.46425e+01
1.83362e+00
5.43057e+01
1.93985e+00
1.07643e+00
5.52673e+01
5.57723e-01
8.13598e-01
1.51515e+00
1.39731e+00
6.45566e+01
5.88871e+01
3.55884e+00
1.01063e+00
6.44360e+01
5.77889e+01
3.78999e+00
1.45715e+00
5.82983e+01
6.48893e+01
1.14321e+00
1.41291e+00
1.57087e+00
1.01867e+00
6.05693e+00
1.44238e+00
6.92552e+01
5.68073e+00
1.39790e+00
6.41306e+01
7.05105e+01
1.83875e+00
1.31901e+00
1.59683e+00
2.32160e+00
7.51053e+00
2.46772e+00
7.94432e+01
8.33480e+00
2.01172e+00
8.03536e+01
2.29761e+00
1.92848e+00
3.64790e+00
1.08436e+01
1.00980e+00
3.62622e+00
1.08644e+01
2.16221e+00
3.64460e+00
1.20463e+00
1.78482e+00
1.32358e+00
2.14615e+00
5.24210e+00
1.49931e+01
1.37231e+00
5.37180e+00
1.61371e+01
2.27123e+00
6.04237e+00
1.64054e+00
2.25982e+00
3.41800e+00
8.38866e-01
2.91826e+00
4.31045e+00
1.52500e+00
7.05662e-01
2.98662e+00
3.55429e+00
1.76249e+00
6.75479e-01
1.11804e+00
1.10595e+00
1.50063e+00
1.97437e+00
1.21334e+00
1.98862e+00
2.29267e+00
2.52184e+00
2.68176e+00
9.53684e-01
8.02551e-01
5.72914e+00
6.98606e-01
8.27328e-01
5.69786e+00
8.29471e-01
1.87024e+00
7.16000e-01
6.37146e+00
8.56491e-01
8.18706e-01
9.17599e-01
3.43628e+00
1.05389e+00
2.95381e+00
7.86371e+00
8.50319e-01
2.13397e+01
3.72646e+00
1.39549e+00
3.67476e+00
8.53250e+00
2.15292e+01
8.42649e-01
1.35002e+00
2.62871e+01
1.23359e+00
3.69422e+00
4.34992e+00
6.43044e-01
4.40970e+00
1.63372e+00
8.80775e+00
2.63126e+01
1.00006e+00
1.34400e+00
7.75008e-01
2.68108e+00
1.34878e+00
5.48200e-01
7.54767e-01
3.24099e+00
5.13734e+00
8.01401e-01
5.15544e-01
5.32373e+00
1.55503e+00
4.02011e+00
1.03546e+01
3.31159e+01
1.26500e+00
3.17014e+00
3.37553e+00
6.94129e-01
6.00858e-01
5.83202e+00
9.44431e-01
5.94637e+00
2.07899e+00
5.07740e+00
3.66677e+00
4.32354e+00
1.25783e+00
6.97979e+00
5.76381e-01
6.95415e+00
8.45746e-01
7.25315e+00
6.55361e+00
3.84373e+00
4.32718e+00
9.33450e-01
8.39533e-01
9.41033e-01
1.23142e+00
7.65953e+00
4.50493e+00
5.61295e+00
9.75420e+00
6.03362e-01
1.19948e+00
6.96905e-01
8.70820e+00
1.30116e+00
1.03323e+00
1.25910e+00
9.31526e+00
6.09273e+00
4.66933e+00
7.48937e+00
1.06934e+01
1.77740e+00
1.24686e+00
1.21937e+00
1.36401e+00
2.91080e+01
1.28139e+00
1.44708e+00
1.12182e+01
1.54080e+00
7.76703e+00
4.97688e+00
4.33922e+01
1.90338e+00
1.01682e+00
1.58400e+00
3.93261e+01
1.04442e+00
3.90633e+01
1.60282e+00
9.77034e+00
1.54064e+00
2.09594e+00
2.66771e+00
1.29586e+00
2.08303e+00
1.64832e+00
1.05678e+00
1.97900e+00
2.80282e+00
2.31331e+00
1.22419e+00
5.33990e-01
2.62457e+00
1.50929e+01
3.23489e+00
1.27501e+00
8.70976e-01
1.43521e+00
2.09321e+02
2.38745e+00
1.70626e+00
1.40999e+00
7.29666e-01
5.36068e-01
9.51571e-01
7.11234e-01
9.28739e-01
6.14747e-01
8.77806e-01
5.77774e-01
1.11287e+00
1.30811e+00
7.18595e-01
1.29095e+00
7.48511e-01
1.24165e+00
1.10001e+00
6.55254e-01
7.86200e-01
8.66171e-01
1.23668e+00
9.05957e-01
8.34190e-01
1.22195e+00
8.50114e-01
1.65685e+00
1.24243e+00
8.47548e-01
1.71253e+00
1.18443e+00
1.07907e+00
9.43645e-01
1.36479e+00
1.69794e+00
1.04524e+00
1.11267e+00
8.26952e-01
1.22578e+00
1.17753e+00
2.28443e+00
1.13624e+00
2.58912e+00
1.03058e+00
2.35191e+00
1.41157e+00
1.24823e+00
1.50848e+00
2.00981e+00
2.45340e+00
9.08442e-01
1.00194e+00
2.96238e+00
1.98886e+00
2.69643e+00
2.69868e+00
1.02348e+00
2.02721e+00
2.44758e+00
1.07964e+00
2.72094e+00
6.45963e-01
1.19213e+00
1.29656e+00
2.31351e+00
9.01074e-01
2.75895e+00
1.04540e+00
4.05159e+00
2.14138e+00
1.95518e+00
5.42653e+00
1.29285e+00
3.25641e+00
9.29644e-01
1.03338e+01
1.14833e+00
5.48348e+00
2.26979e+00
1.18288e+00
3.21352e+00
9.28200e+00
1.27034e+00
5.22691e+00
2.29022e+00
2.96185e+00
1.41455e+00
4.39830e+00
1.52855e+00
1.60679e+00
7.83217e+00
2.83350e+00
1.26941e+00
4.54171e+00
1.62666e+00
2.88450e+00
1.42555e+00
4.87329e+00
1.68476e+00
2.24360e+00
5.83426e-01
2.59890e+00
1.70268e+00
5.31029e+00
1.74088e+00
3.96685e+00
6.98507e+00
6.88359e-01
1.98774e+00
6.66325e+00
3.12645e+00
1.04850e+00
6.49744e+00
1.56382e+00
6.98541e+00
1.86311e+00
9.44723e-01
7.28248e+00
1.28176e+00
9.70673e+00
1.86743e+00
2.47838e+01
3.42694e+00
9.75226e+00
2.05138e+00
9.86202e-01
1.01927e+01
1.74637e+00
1.21261e+01
3.40296e+01
4.85812e+00
6.10188e-01
1.14287e+01
2.44516e+00
8.95658e-01
1.13634e+01
1.38756e+01
9.75441e-01
5.24700e+00
9.85834e-01
1.06814e+00
7.44973e-01
1.39545e+01
1.15999e+00
1.41667e+01
6.48125e-01
1.59816e+01
6.71043e+00
1.13652e+00
5.87975e-01
6.26423e+00
6.14848e+00
1.01777e+00
1.45534e+00
8.16706e-01
8.23598e-01
1.59374e+00
1.65004e+01
1.51487e+00
1.65267e+01
6.13339e+00
1.40520e+00
1.82041e+01
9.80450e+01
8.53466e+00
8.56830e+00
1.27873e+00
1.67407e+00
1.75301e+00
1.14303e+00
1.38979e+00
1.79908e+01
1.51847e+00
1.54984e+00
1.73886e+00
1.78988e+01
8.61589e+00
1.37228e+00
2.01212e+01
1.01832e+00
1.54307e+00
8.13584e-01
9.26829e+00
9.21747e+00
8.80419e-01
2.11497e+00
1.87477e+00
1.95065e+01
1.71837e+00
2.44587e+00
2.04022e+01
9.59977e+00
7.91870e-01
1.56035e+00
1.10737e+00
1.08401e+01
1.01836e+01
5.13667e-01
9.98030e-01
2.15827e+01
1.56121e+00
2.05907e+01
1.02707e+01
1.82141e+00
4.71868e-01
2.17010e+01
3.65559e+00
1.15701e+01
1.09493e+01
1.72875e+00
1.28352e+00
2.21625e+01
1.53465e+00
2.13269e+01
1.16155e+01
2.26907e+00
1.06197e+00
2.41416e+01
7.35631e-01
1.15851e+01
4.00696e+00
8.06836e-01
6.15577e+00
1.23746e+01
2.02252e+00
5.78269e+00
1.13622e+01
1.89177e+00
7.75676e+00
1.31491e+00
5.62661e-01
1.31795e+01
2.27674e+00
2.77266e+01
1.28645e+00
1.47401e+00
2.64015e+01
6.82188e-01
8.70429e-01
1.26050e+01
1.01212e+00
1.21927e+00
1.41527e+00
1.31111e+00
1.78883e+00
1.22158e+00
1.53817e+00
1.25667e+00
1.47182e+00
6.07543e-01
1.96334e+00
6.58419e-01
2.02556e+00
5.95338e-01
1.70512e+00
2.78758e+00
2.82959e+00
2.36265e+00
1.12280e+00
1.02175e+00
3.17683e+00
7.71812e-01
9.74821e-01
3.03123e+00
6.35374e-01
1.03193e+00
3.36790e+00
1.53794e+00
9.08270e-01
1.30483e+00
3.26752e+00
1.74564e+00
3.00554e+00
9.76859e-01
3.54494e+00
1.52735e+00
1.51667e+00
3.89024e+00
1.19539e+00
3.79785e+00
6.76450e-01
1.64535e+00
3.99291e+00
1.99973e+00
4.56521e+00
1.85063e+00
4.34955e+00
6.23248e-01
1.69418e+00
4.52294e+00
2.44265e+00
5.08796e+00
8.28314e-01
1.76936e+00
4.61387e+00
2.37568e+00
4.74832e+00
3.48380e+00
7.83707e-01
6.51873e+00
8.77315e-01
8.11902e-01
5.26478e-01
2.69512e+00
5.74382e-01
1.00307e+01
1.06952e+01
4.56481e-01
8.02737e-01
4.98557e-01
6.77932e-01
1.20038e+00
8.54874e-01
9.15008e-01
1.06564e+00
8.67043e-01
1.00157e+00
7.80427e+00
1.14194e+00
9.68109e-01
1.04649e+00
7.69129e-01
8.33605e+00
1.12660e+00
1.49712e+00
1.47496e+00
8.96054e-01
1.47381e+00
1.32600e+00
1.55172e+00
3.69557e+01
8.42844e-01
3.44885e+00
2.93684e+00
4.89681e+01
1.54994e+00
2.50830e+00
8.84429e-01
5.87890e-01
3.59605e+00
4.89673e+01
1.40600e+00
1.17237e+00
2.50624e+00
1.66586e+00
7.41276e-01
4.40242e+00
9.18174e-01
3.73716e+00
5.72036e+01
9.03917e-01
3.00498e+00
9.95532e-01
4.40687e+00
9.91815e-01
5.67495e+01
1.80016e+00
1.06988e+00
3.33883e+00
1.79868e+00
5.03002e-01
5.16674e+00
1.30637e+00
4.04289e+00
6.30072e+01
1.09025e+00
3.06720e+00
1.08509e+00
5.69774e+00
1.16827e+00
6.18334e+01
1.64209e+00
1.20619e+00
3.65057e+00
8.34069e-01
1.34048e+00
6.87398e+00
1.95400e+00
4.41460e+00
7.15001e+01
6.65270e-01
4.55207e+00
1.50423e+00
7.25140e+00
1.44722e+00
7.07167e+01
1.71248e+00
1.72966e+00
5.02574e+00
1.19147e+00
1.73506e+00
5.20824e+00
1.51524e+00
7.69767e+01
6.69767e-01
5.24623e+00
1.80696e+00
7.17471e-01
1.41882e+00
5.81633e+00
2.11206e+00
6.22558e+00
6.16947e+00
6.30460e+00
2.06751e+00
