6.76228e+00
5.13152e+00
7.27694e+00
8.95991e+00
8.26576e+00
5.85044e+00
1.43504e+01
1.17290e+01
1.23575e+01
9.70473e+00
1.90506e+01
1.51550e+01
1.42940e+01
1.17390e+01
3.03237e+01
2.20262e+01
1.04408e+01
1.37804e+01
3.57400e+01
2.81204e+01
1.02967e+01
3.57221e+01
1.49439e+01
7.87982e+00
7.59277e+00
8.39064e+00
7.26828e+00
8.91415e+00
1.43613e+02
1.12339e+01
8.71476e+00
1.29914e+02
9.88414e+00
1.70839e+02
1.03363e+01
1.56077e+02
1.01241e+01
1.74629e+01
1.19606e+01
1.86749e+02
1.92004e+02
2.75055e+02
3.78955e+02
3.75730e+02
3.87736e+02
4.47990e+02
4.42891e+02
9.96306e+00
4.45447e+02
4.76306e+02
4.84963e+02
5.75937e+02
9.35258e+00
9.24577e+00
1.12217e+01
1.22150e+01
9.19001e+00
1.32874e+01
1.50106e+01
7.21184e+00
1.25202e+01
2.25125e+01
1.89859e+01
8.74099e+00
1.60123e+01
6.36196e+00
2.77843e+01
2.48751e+01
5.50999e+00
9.74902e+00
1.88902e+01
5.66114e+00
1.13017e+01
1.30536e+01
2.82100e+01
7.16034e+00
3.05130e+01
9.80809e+00
4.36383e+01
1.38164e+01
1.15794e+01
1.54973e+01
6.03369e+01
1.29671e+02
1.27080e+02
1.27314e+02
1.60965e+02
1.59047e+02
1.57030e+02
2.14615e+02
2.15117e+02
2.16059e+02
1.22932e+01
2.48159e+02
5.51174e+01
2.47741e+02
2.83580e+02
6.40227e+01
6.13140e+01
2.74202e+02
2.76306e+02
5.71611e+01
3.18497e+02
6.64374e+01
6.75896e+01
3.08871e+02
7.17184e+01
6.67750e+00
4.66604e+00
4.03612e+00
8.03790e+00
7.35839e+00
5.54067e+00
5.53316e+00
9.46636e+00
9.31224e+00
1.00079e+01
1.18650e+01
7.29943e+00
1.04524e+01
1.14305e+01
7.93598e+00
1.23977e+01
1.75070e+01
1.16871e+01
1.50589e+01
1.53278e+01
1.65946e+01
1.55541e+01
2.05516e+01
1.48741e+01
1.89444e+01
1.94474e+01
1.97266e+01
3.40728e+01
2.34313e+01
3.23917e+01
2.36865e+01
2.47465e+01
3.36036e+01
4.07464e+01
2.43847e+01
3.83582e+01
2.60393e+01
2.53017e+01
4.01460e+01
4.91975e+01
3.25729e+01
4.46746e+01
3.02920e+01
2.97667e+01
4.87497e+01
5.43438e+01
3.78622e+01
5.10994e+01
3.93891e+01
3.24045e+01
5.35910e+01
6.09410e+01
4.71680e+01
6.33088e+01
4.39884e+01
3.90507e+01
6.06715e+01
7.28278e+01
6.35020e+01
7.51638e+01
6.09211e+01
5.79028e+01
6.93135e+01
8.07518e+01
6.84547e+01
1.79700e+00
8.26920e+01
6.78940e+01
6.73008e+01
7.72241e+01
8.59921e+01
8.24024e+01
7.69954e+00
8.39855e+01
8.70130e+01
1.43937e+01
1.19162e+01
8.74314e+00
2.28085e+02
1.57089e+01
5.20075e+00
2.30277e+02
1.52571e+01
7.63898e+00
1.84140e+01
2.30411e+02
9.79323e+00
1.26110e+01
8.48121e+00
4.32281e+00
9.33748e+00
1.24485e+01
1.27782e+01
1.41001e+01
1.95983e+01
2.32015e+01
2.36288e+01
1.00942e+01
2.93006e+01
2.81941e+01
1.45186e+01
3.07146e+01
3.62279e+01
9.76765e+00
4.49317e+01
3.59232e+00
7.54325e+00
6.41494e+01
9.39353e+00
5.03192e+00
8.44647e+00
7.34357e+01
7.95967e+01
4.61199e+00
5.29477e+00
8.08235e+00
1.16867e+01
7.59107e+01
9.20249e+00
9.72376e+01
2.51180e+01
9.43942e+01
1.01359e+01
7.91691e+00
9.41055e+01
7.32854e+00
2.81968e+01
9.78089e+00
1.18872e+02
3.32933e+01
3.37342e+01
1.10508e+01
1.16083e+02
8.85544e+00
4.95564e+01
1.17142e+01
4.32339e+01
4.59065e+01
4.28203e+01
1.08505e+01
1.39759e+02
1.09916e+01
4.60752e+01
6.69445e+01
1.49934e+01
1.77802e+02
1.87394e+02
1.79183e+02
1.22300e+01
6.03517e+01
8.12417e+01
1.93631e+01
2.15128e+02
2.22604e+02
2.16102e+02
1.79761e+01
7.59952e+01
2.30492e+02
2.38131e+02
2.28862e+02
1.31512e+02
1.14898e+01
2.59120e+02
6.49383e+00
2.65307e+02
1.07327e+01
1.05534e+01
2.56637e+02
1.19088e+02
6.57146e+00
1.03512e+01
9.33281e+00
1.08281e+01
8.29778e+00
1.47507e+01
1.23884e+01
1.62075e+01
1.12008e+01
5.33016e+00
1.67048e+01
1.30554e+01
1.23679e+01
1.82831e+01
7.79186e+00
9.13189e+00
1.50238e+01
2.40827e+01
1.90305e+01
1.50934e+01
6.10419e+00
2.35006e+01
9.84348e+00
9.51645e+00
1.19178e+01
2.95447e+01
7.42195e+00
2.67954e+01
1.57572e+01
1.01458e+01
1.48916e+01
1.11467e+01
1.32596e+01
1.42817e+01
1.04726e+01
4.12817e+01
3.78185e+01
1.28942e+01
1.23299e+01
1.41185e+01
4.70945e+01
7.73256e+00
1.60399e+01
4.58989e+01
1.56085e+01
1.78697e+01
7.34777e+01
1.92914e+01
7.20965e+01
2.23055e+01
2.10049e+01
8.67076e+01
1.07245e+02
7.82623e+00
1.06811e+01
1.83497e+01
1.08647e+02
1.74096e+01
2.27846e+01
1.23603e+02
1.39539e+02
1.02059e+01
1.20663e+01
2.29470e+01
1.39617e+02
1.25304e+02
2.32783e+01
8.94464e+00
2.66497e+01
1.26184e+01
9.42992e+00
3.22656e+02
2.81276e+01
2.17235e+01
1.18094e+01
2.82762e+01
1.23885e+01
1.12014e+01
3.75332e+02
2.67404e+01
3.66389e+02
2.47327e+01
1.44671e+01
3.01385e+01
4.64876e+02
1.43918e+01
1.31301e+01
4.69983e+02
3.16994e+01
4.57517e+02
2.48536e+01
1.48576e+01
3.33497e+01
1.45397e+01
1.18234e+01
1.38716e+01
5.43197e+02
3.39921e+01
2.90348e+01
1.93095e+01
4.82202e+00
1.86712e+00
9.14427e+00
1.42716e+01
1.47849e+01
6.93330e+00
8.11741e+00
3.57063e+01
1.35921e+01
5.91050e+01
1.66334e+01
5.43482e+01
1.59466e+01
6.78696e+01
1.43933e+01
6.27747e+01
9.10859e+00
2.07349e+01
7.12035e+01
7.94380e+00
1.82598e+01
6.72638e+01
6.99709e+00
2.74130e+01
6.78770e+00
7.81727e+01
3.09519e+01
7.88512e+01
7.76701e+01
8.09548e+01
8.35899e+01
7.30040e+00
9.09052e+01
8.18128e+00
8.81174e+01
1.03030e+01
