1.06876e+01
2.33261e+01
1.24423e+01
2.80849e+01
1.23238e+01
4.23042e+01
1.37925e+01
3.74414e+01
1.64821e+01
6.24497e+01
2.27150e+01
5.32121e+01
5.37229e+01
1.85869e+01
1.11622e+02
2.05390e+01
9.10616e+01
1.00109e+01
7.96400e+00
9.56223e+01
1.83923e+01
1.30614e+02
1.52087e+02
1.38119e+01
2.26977e+01
2.02438e+02
2.59403e+02
5.52535e+01
3.53367e+01
2.62635e+02
3.12957e+02
2.43956e+01
3.08003e+02
2.53409e+01
2.49657e+01
3.13425e+02
4.88363e+02
1.04033e+01
5.99167e+02
1.95074e+01
5.80856e+02
9.55896e+00
1.20896e+01
7.74334e+00
3.34463e+01
4.31208e+01
7.47349e+00
3.70608e+01
1.15306e+01
1.63211e+01
5.07874e+01
1.46421e+01
4.77428e+01
9.14146e+00
1.87959e+01
7.29492e+01
2.01501e+01
8.04099e+01
2.03623e+01
7.22014e+01
3.46428e+01
1.48614e+01
2.50557e+02
7.06857e+00
1.59724e+01
3.75655e+01
7.90816e+00
3.17229e+02
8.99095e+01
8.30853e+01
1.00958e+02
9.99663e+01
9.94316e+01
9.70863e+01
9.90973e+01
1.04813e+02
3.17324e+02
5.02837e+01
3.21315e+02
3.02854e+01
3.41947e+01
3.10201e+02
1.07126e+01
2.06031e+01
9.63885e+00
2.50806e+01
1.10578e+01
3.51187e+01
1.16463e+01
3.82416e+01
1.46063e+01
4.12283e+01
1.07121e+01
4.42439e+01
1.53335e+01
9.09611e+00
5.05284e+01
5.43531e+01
1.57310e+01
1.43142e+01
6.06254e+01
3.46402e+01
7.23985e+00
1.24119e+02
1.10722e+01
1.43782e+02
8.88300e+00
5.36684e+01
1.32896e+01
1.48214e+02
1.08532e+01
6.75099e+01
1.49436e+01
1.40874e+01
7.01068e+01
8.50062e+01
2.50967e+01
2.30082e+01
7.25317e+01
2.16709e+01
8.39846e+01
1.10464e+02
1.07364e+01
1.26428e+01
9.80248e+00
7.46110e+00
3.03743e+01
1.17937e+01
1.29859e+01
1.66688e+01
1.18214e+01
4.03208e+01
1.04325e+01
1.08616e+01
1.92956e+01
1.67551e+01
4.89062e+01
1.60447e+01
4.69237e+01
7.31194e+00
4.63320e+01
1.46319e+01
4.74021e+01
1.19747e+01
1.84315e+01
6.19630e+01
8.10849e+01
7.38324e+01
2.14241e+01
6.59157e+01
1.11426e+02
1.20211e+01
9.65616e+01
8.97382e+01
1.10743e+01
1.57224e+02
1.40731e+02
1.53575e+02
1.59937e+02
1.55368e+02
1.56523e+02
8.93100e+00
3.67583e+02
5.38917e+02
1.37612e+01
5.36862e+02
1.68812e+01
9.76231e+00
1.20308e+01
1.11598e+01
1.08511e+01
1.34402e+01
2.04367e+01
1.07175e+01
1.79099e+01
1.80669e+01
1.39071e+01
1.43252e+01
2.51979e+01
1.44349e+01
2.22976e+01
2.45278e+01
1.66536e+01
1.54283e+01
2.94688e+01
2.73878e+01
1.47055e+01
6.90594e+00
1.21530e+01
5.28826e+01
1.68133e+01
6.50932e+01
5.11296e+00
2.46872e+01
7.45739e+01
9.35940e+00
3.14387e+01
8.99855e+00
3.95768e+01
8.79873e+00
4.24384e+01
8.57339e+00
4.10665e+01
7.92696e+01
2.08407e+01
5.97158e+01
1.54683e+01
5.16966e+01
1.64924e+01
5.29496e+01
9.73556e+01
