4.73298e-01
7.19503e+00
7.97405e-01
8.60353e+00
1.01142e+00
9.73950e+00
1.10842e+00
1.09236e+01
1.47664e+00
1.42720e+01
1.64367e+00
1.63896e+01
2.29005e+00
2.15910e+01
1.01892e+01
2.21909e+01
1.92592e+00
1.11476e+00
1.44109e+00
1.81503e+00
1.18477e+01
1.07891e+00
2.58342e+00
2.54694e+01
7.55986e-01
3.13227e+00
1.23590e+01
2.59530e+01
7.91804e-01
2.56934e+01
9.18136e-01
8.77186e-01
1.10824e+01
1.32570e+00
1.24563e+01
7.66341e-01
3.21940e+00
3.18335e+01
8.45449e-01
8.93053e-01
3.97084e+00
1.32107e+01
1.18066e+00
1.14432e+00
3.17986e+01
3.96760e+00
9.60698e-01
4.96717e+00
5.75245e-01
3.28921e+01
1.38356e+00
1.62032e+00
1.31263e+01
3.87283e+00
8.60473e-01
6.03889e-01
4.72184e+00
1.86485e+00
7.83277e-01
1.50544e+01
4.72857e+01
3.52995e+00
1.17751e+00
5.38123e+00
1.03547e+00
9.14111e-01
8.30474e-01
7.14058e-01
5.71447e+00
1.49031e+01
1.75976e+00
4.61771e+01
1.11562e+00
5.73994e+00
1.02084e+00
6.05615e+00
6.29477e-01
4.70856e+01
1.00268e+00
1.47896e+01
1.95006e+00
5.63362e+00
7.32777e-01
6.74201e-01
5.42638e+00
8.02429e-01
9.46251e+01
1.33769e+00
6.21169e+00
2.03915e+00
1.66122e+00
1.07080e+00
7.11845e+00
8.46595e+01
2.83117e+00
1.14599e+00
7.04357e+00
1.59778e+00
1.08570e+00
7.05814e+00
1.06017e+00
8.15308e-01
4.59573e+00
1.78393e+00
9.83110e-01
8.19530e-01
8.52943e+00
8.44904e+01
1.14740e+00
9.07544e-01
6.78967e+00
9.67274e-01
1.46399e+00
1.72366e+00
1.68475e+01
1.14475e+02
2.49058e+00
1.99319e+00
1.73218e+00
1.08549e+00
8.97605e+00
9.01521e-01
5.99215e+00
1.02603e+00
1.06939e+01
1.13408e+02
1.41163e+00
2.42570e+00
1.66392e+00
1.39173e+00
8.70789e+00
1.30195e+00
2.02452e+00
1.76493e+00
9.27348e+00
5.22048e+00
1.12377e+02
1.48039e+00
1.27789e+00
1.26400e+00
9.59783e-01
8.56459e+00
1.45609e+00
1.29649e+00
1.61726e+00
1.02458e+01
1.39369e+02
2.04146e+00
1.16430e+01
2.06668e+00
1.48884e+00
1.35087e+00
1.04968e+01
1.37129e+00
8.74781e+00
1.47038e+00
6.20885e-01
1.33707e+01
1.38368e+02
3.04366e+00
2.65766e+00
1.55242e+00
1.24248e+00
1.87416e+00
1.34725e+02
3.62490e+00
8.71447e+00
1.31569e+00
1.18269e+01
1.77586e+00
1.54439e+00
1.16366e+00
6.84557e-02
1.17674e+00
3.39001e-01
1.41851e+00
1.35076e+00
2.85798e+00
1.22068e+01
2.23939e+00
1.85443e+02
3.05456e+00
9.75446e-01
1.52044e+01
1.85420e+00
4.38885e-01
1.55668e+00
1.13866e+01
1.44942e+00
2.15713e+00
1.33482e+00
1.86114e+02
4.16664e+00
1.10600e+00
1.76775e+00
1.85985e+02
1.58283e+00
1.08702e+01
2.21643e+00
1.30220e+00
7.23642e-01
1.45013e+00
6.99135e-01
1.64904e+00
1.72091e+00
2.59164e+02
1.84907e+00
1.89023e+00
3.28443e+00
1.71645e+00
2.97659e+00
2.39717e+02
2.13849e+00
1.82644e+01
2.05333e+00
1.62891e+00
2.39066e+02
1.60890e+01
1.67493e+00
2.81535e+00
1.84707e+00
1.47058e+00
2.50084e+00
2.04395e+00
2.62955e+00
2.88539e+02
1.81582e+00
3.05644e+00
1.97210e+00
2.02543e+01
8.37290e-01
2.85461e+02
2.34015e+00
2.91857e+00
1.93220e+00
1.95427e+00
3.22203e+00
2.00331e+01
2.06003e+01
1.89836e+00
3.05920e+00
3.03618e+00
2.85556e+02
2.68127e+00
3.88332e+00
1.60443e+00
5.81311e+00
1.06958e+00
3.48002e+02
2.18467e+00
2.71624e+00
9.34623e-01
3.48303e+02
5.45408e+00
7.94675e-01
2.70421e+00
3.64101e+00
3.55190e+02
2.60715e+00
4.37045e+00
1.00224e+00
7.42365e-01
1.03116e+00
1.60577e+00
4.13584e+02
2.18274e+00
3.25946e+00
2.13256e+00
8.11130e+00
9.41792e-01
1.24135e+00
4.11049e+02
2.18120e+00
8.11430e+00
1.36616e+00
8.16867e+00
1.39113e+00
4.08820e+02
1.04523e+00
2.28649e+00
1.05907e+00
2.34508e+00
7.49901e-01
2.37100e+00
4.49188e+02
7.25936e-01
8.91089e+00
7.29778e-01
2.19581e+00
4.43392e+02
1.47725e+00
9.83541e-01
2.65137e+00
8.70085e+00
8.71843e+00
4.42671e+02
3.70001e+00
2.51813e+00
1.30662e+00
8.53457e-01
2.45025e+00
5.63369e+00
1.00287e+00
3.37045e+00
5.33679e+02
1.00417e+00
1.08523e+01
4.48907e+00
5.32361e+02
1.00105e+00
2.47919e+00
9.06247e+00
9.83764e-01
1.56492e+00
5.30474e+02
3.05739e+00
9.08750e+00
4.78319e+00
6.49171e-01
9.45823e-01
6.97139e-01
1.51176e+00
2.53032e+00
2.67870e+00
9.32374e-01
2.73436e+00
1.18984e+00
1.03807e+00
2.00236e+00
4.96966e-01
1.02117e+00
2.96885e+00
2.83635e+00
1.68027e+00
3.32918e+00
1.23426e+00
1.31027e+00
1.58828e+00
1.00355e+00
1.50500e+00
3.35318e+00
2.86109e+00
1.42682e+00
8.31609e-01
3.49522e+00
1.24387e+00
2.38084e+00
4.80459e+00
1.83181e+00
2.67126e+00
4.47787e+00
2.30243e+00
2.48627e+00
4.16277e+00
3.72491e+00
5.47582e-01
2.10392e+00
2.62260e+00
5.45052e+00
2.37248e+00
3.18983e+00
2.85751e+00
3.70140e+00
5.40468e+00
6.09638e-01
3.69625e+00
6.01861e-01
2.50751e+00
2.90833e+00
2.59654e+00
1.07804e+01
3.60114e+00
7.46524e-01
8.49945e+00
4.35637e+00
4.13547e+00
8.53312e-01
3.05445e+00
3.53442e+00
2.98174e+00
1.23557e+01
4.11684e+00
1.19746e+01
8.82106e-01
7.82655e-01
4.02257e+00
1.03971e+00
1.75712e+00
5.84843e+00
9.58785e-01
4.41307e+00
3.28855e+00
4.50765e+00
1.75569e+01
5.10036e+00
1.13971e+00
1.66573e+01
1.17991e+00
1.58462e+00
3.86679e+00
5.78356e+00
9.76960e-01
1.48450e+00
9.16259e-01
1.74543e+01
6.46704e+00
1.22547e+00
1.23683e+00
5.14075e+00
2.04815e+01
5.90457e-01
2.08895e+00
6.18849e+00
1.14776e+00
1.95787e+01
1.28597e+00
1.83843e+00
5.54738e-01
4.66845e+00
1.90593e+00
7.57700e-01
1.26695e+00
2.06356e+01
1.22019e+00
5.61011e+00
2.68925e+01
1.25680e+00
1.97379e+00
2.67242e+01
1.40690e+00
6.62180e-01
2.12187e+00
9.86229e-01
6.34813e+00
1.06193e+01
1.80184e+00
7.90367e-01
1.32854e+00
2.76669e+01
5.82990e-01
1.22737e+01
1.22526e+00
3.34370e+01
7.43355e+00
2.11951e+00
1.78635e+00
3.42670e+01
2.06316e+00
1.27892e+00
2.06149e+00
6.25064e+00
7.91148e-01
1.25897e+01
2.04618e+00
1.53332e+00
3.50822e+01
2.74943e+00
7.02408e+00
1.56104e+01
9.38158e-01
1.89781e+00
2.51155e+00
3.42785e+00
4.28024e+01
1.04865e+01
1.54316e+01
9.68423e-01
2.26979e+00
4.35314e+01
1.77062e+00
7.35027e+00
2.63909e+00
1.04353e+00
1.50047e+01
2.43744e+00
4.37261e+01
2.94415e+00
7.78805e+00
2.22921e+00
8.93733e-01
7.69298e-01
1.59432e+00
9.43634e-01
1.21725e+00
1.66722e+01
1.31176e+00
2.77008e+00
6.38924e+01
3.24231e-01
1.51136e+00
2.22997e+00
9.78766e-01
1.20166e+00
2.56422e+00
1.79859e+01
2.60987e+00
4.09498e+00
6.65409e+01
1.25999e+00
1.27236e+00
9.49563e-01
1.45106e+00
1.72499e+01
1.52830e+00
6.52072e+01
2.03434e+00
2.77682e+00
3.24260e+00
6.92303e-01
9.74400e-01
1.94804e+00
1.75662e+00
1.33435e+00
1.25260e+00
1.13438e+02
5.85998e-01
3.77895e+00
9.60927e-01
3.70493e+00
9.17589e-01
3.90724e+00
7.66282e-01
2.14500e+00
1.40504e+00
8.14299e-01
7.83619e-01
3.86634e+00
1.21244e+00
2.50312e+00
9.73619e-01
1.12986e+02
4.93856e-01
1.29537e+00
1.16638e+00
8.18999e-01
1.02362e+00
1.90002e+00
2.15561e+00
1.14042e+02
1.46839e+00
4.36753e+00
8.00924e-01
1.33723e+00
1.00227e+00
4.09360e+00
2.55804e+00
1.45652e+00
7.14429e-01
9.25017e-01
1.45205e+02
8.79314e-01
3.34872e+00
5.09738e+00
7.57105e-01
8.17443e-01
9.31470e-01
1.42352e+02
2.40490e+00
9.62642e-01
8.77807e-01
2.97202e+00
1.68355e+00
8.45951e-01
1.49470e+00
1.14104e+00
9.83667e-01
6.81446e-01
1.64138e+00
2.77227e+00
6.17053e-01
1.42543e+02
4.60925e+00
1.03430e+00
8.11677e-01
1.60569e+00
4.51248e-01
1.92616e+02
1.68520e+00
1.89552e+00
2.97135e+00
3.66840e+00
3.85901e+00
2.45108e+00
2.18586e+00
6.34337e+00
6.11590e+00
1.79698e+00
7.98133e-01
1.91612e+02
1.21137e+00
1.51181e+00
2.69688e+00
1.86381e+00
3.73661e+00
3.25018e+00
1.52124e+00
1.87937e+00
1.57043e+00
7.01595e-01
1.92706e+02
2.55453e+00
2.22826e+00
1.00128e+00
1.32334e+00
3.67254e+00
2.91787e+00
8.22249e-01
3.59257e+00
2.25338e+02
1.88416e+00
1.83477e+00
4.33005e+00
3.14780e+00
3.30557e+01
1.06810e+01
3.47011e+01
1.20205e+01
2.24532e+02
1.65665e+00
3.17134e+00
1.14772e+00
4.25998e+00
4.44673e+00
1.80736e+00
1.81965e+00
2.06928e+00
3.68513e+00
9.97276e-01
2.24308e+02
2.53404e+00
1.70198e+00
3.05035e+00
4.38477e+00
1.05781e+01
3.33827e+01
2.85804e+00
2.14367e+00
3.50038e+00
2.57255e+02
1.89531e+00
9.14952e-01
5.19125e+00
2.85921e+00
1.60496e+00
1.35488e+01
3.89762e+01
2.20814e+00
5.28038e+01
1.93082e+00
4.19503e+00
5.42856e-01
2.55196e+02
5.54222e+00
2.56116e+00
9.99773e-01
1.47855e+00
1.38203e+00
2.38431e+00
2.04506e+00
3.88791e+00
2.56535e+02
8.87704e-01
2.71041e+00
1.37374e+00
5.42197e+00
2.00114e+00
3.77623e+01
1.31392e+01
2.65982e+00
3.47135e+00
2.88916e+02
1.95430e+00
5.78659e+00
9.79150e-01
1.37365e+00
9.94173e-01
1.57135e+00
5.71404e+01
2.38621e+00
3.55893e+00
5.72111e+01
5.51336e+00
4.23069e+00
2.81958e+02
1.06324e+00
1.60321e+00
1.01174e+00
1.52561e+00
2.66071e+00
2.82290e+00
3.25803e+00
2.84698e+02
3.15469e+00
9.10791e-01
4.18697e+00
1.97265e+00
9.96513e-01
9.13472e-01
1.28982e+00
5.55933e+00
1.68736e+00
2.62860e+00
3.22584e-01
5.79661e+01
8.17213e-01
2.76993e+00
9.87699e-01
3.76110e+00
3.55184e+00
1.19653e+00
1.93630e+00
4.53743e+00
4.70487e+00
1.69512e+00
5.92085e+00
2.89610e+00
7.30975e-01
2.64564e+00
5.64436e+00
7.34969e-01
6.02958e-01
2.15487e+00
5.96569e+00
1.13028e+01
7.82104e-01
9.44267e+00
3.94644e+00
7.93841e-01
7.52031e-01
1.05670e+01
1.23758e+01
1.31948e+00
1.19120e+01
1.19219e+00
1.39453e+00
1.20221e+01
1.47554e+01
2.38590e+00
1.53084e+01
9.03681e-01
3.22947e+00
8.34883e-01
1.15565e+00
1.50390e+01
1.09534e+00
2.59172e+00
1.64352e+01
3.81830e+00
1.03720e+00
1.65912e+01
4.14015e+00
7.63087e-01
1.89450e+01
8.49997e-01
1.82816e+01
1.31854e+00
1.65061e+01
3.54214e+00
2.23233e+01
1.34417e+00
1.16428e+00
1.41720e+00
2.17407e+01
9.57065e-01
1.15539e+00
2.18147e+01
1.12463e+00
1.66144e+00
2.29154e+01
1.32844e+00
1.40986e+00
2.42016e+01
1.29921e+00
2.35999e+01
1.12619e+00
1.12252e+00
1.28768e+00
2.96082e+01
2.80301e+01
1.67234e+00
1.57454e+00
1.78197e+00
2.92431e+01
1.51835e+00
3.36689e+01
2.09230e+00
1.54126e+00
3.11295e+01
7.14154e-01
2.09997e+00
2.07845e+00
1.49333e+00
3.21791e+01
3.97006e+01
2.29615e+00
9.08979e-01
5.66345e-01
3.95291e+01
1.74865e+00
1.16197e+00
1.59479e+00
2.36504e+00
3.90377e+01
1.57810e+00
1.14515e+00
1.50961e+00
1.54630e+00
1.21450e+00
1.83720e+00
8.32173e-01
1.85445e+00
1.24561e+00
3.32225e+00
6.97604e+01
6.11618e-01
6.10387e+01
4.00244e+00
4.19325e+00
1.42540e+00
6.16428e+01
4.03328e+00
1.55907e+00
4.19470e+00
1.25076e+00
4.47104e+00
5.04592e+00
8.00258e+01
9.15993e-01
7.54080e+01
7.36997e+00
5.60439e-01
4.90484e+00
1.81031e+00
7.92520e+01
9.20746e-01
2.20107e+00
4.38460e+00
6.44031e-01
2.05194e+00
4.65346e+00
7.70961e+00
7.71031e+00
7.15811e+01
1.25869e+00
2.17129e+00
9.19684e+01
1.13279e+00
9.07883e+01
2.52780e+00
5.76563e+00
9.00834e+01
1.41992e+00
9.13655e+01
2.69123e+00
5.55247e+00
9.12254e-01
2.52394e+00
5.91016e+00
9.12165e-01
1.10011e+01
9.87699e-01
9.03257e+01
9.10808e+01
2.07835e+02
9.90370e-01
1.11873e+00
2.97866e+00
6.31726e+00
1.04681e+02
1.04431e+02
1.11463e+00
6.60257e+00
2.53180e+00
2.66300e+00
6.47663e+00
1.03209e+00
1.53637e+01
2.21799e+00
1.05160e+02
1.05262e+02
3.35053e+00
1.41948e+00
1.15710e+00
8.31045e+00
2.84401e+02
2.87899e+01
1.00174e+00
1.85253e+00
9.18378e+00
4.86473e+00
2.95247e+02
2.88432e+00
1.16055e+01
9.01768e-01
1.06904e+00
2.73652e+01
1.69663e+00
1.28334e+01
8.79554e+00
4.30528e+00
1.73702e+00
1.12353e+00
2.83883e+02
2.74739e+01
7.81519e+00
9.47890e-01
7.86939e-01
1.08239e+00
1.05636e+00
1.43036e+00
1.31059e+00
1.36266e+00
1.28730e+00
1.89863e+00
1.88637e+00
1.86764e+00
1.51773e+00
2.17197e+00
2.62722e+00
2.18084e+00
1.54178e+00
3.09666e+00
2.34564e+00
2.47363e+00
2.87814e+00
3.45069e+00
2.86726e+00
2.42958e+00
3.50875e+00
3.79209e+00
9.42473e-01
3.02566e+00
7.23677e-01
3.03992e+00
4.11189e+00
1.13931e+00
4.24183e+00
2.71764e+00
7.85865e-01
1.04808e+00
4.37252e+00
3.27540e+00
4.07179e+00
5.49670e+00
9.84479e-01
9.49818e+00
1.34102e+00
5.82588e+00
1.10518e+00
1.30696e+00
6.03971e+00
4.47711e+00
1.36267e+00
1.23059e+01
1.83506e+00
6.78580e+00
1.51268e+00
1.18122e+00
7.64723e-01
1.21828e+01
1.92318e+00
6.76763e+00
8.77661e-01
1.15294e+00
1.43883e+00
2.06246e+00
1.18271e+01
1.24016e+00
1.51471e+01
3.18961e+00
2.99031e+00
7.93033e+00
7.10696e-01
1.19720e+00
9.59552e-01
1.51083e+01
2.72653e+00
7.63651e+00
1.15923e+00
6.61134e-01
7.36051e-01
2.95605e+00
1.51431e+01
1.14813e+00
3.48125e+00
8.54031e+00
9.30944e-01
1.49105e+00
1.06286e+00
2.13160e+01
8.05508e+00
1.42650e+00
1.46094e+00
8.07744e-01
9.89204e-01
8.72172e-01
1.41640e+00
4.04260e+00
9.20340e+00
3.34428e+00
1.85413e+00
1.16991e+00
1.19487e+00
2.60399e+01
8.66773e+00
1.28180e+00
2.94485e+00
1.22809e+00
1.00310e+00
1.54732e+00
5.33936e+00
3.26294e+01
9.86441e+00
3.57615e+00
1.49292e+00
2.11867e+00
2.54778e+00
1.20616e+00
3.21222e+01
9.80112e+00
1.33953e+00
6.01471e+00
1.59776e+00
3.90980e+01
1.17471e+01
5.05830e+00
8.36873e-01
1.34343e+00
1.34739e+00
2.72600e+00
3.33989e+00
3.90003e+01
1.47737e+00
1.08301e+01
1.94851e+00
6.95657e-01
5.07108e+00
6.41095e-01
1.14475e+01
1.01243e+00
3.92057e+01
1.44556e+00
9.68136e+00
1.29042e+01
5.04647e+01
1.06639e+00
1.62467e+00
5.02337e+00
4.69892e+00
4.45709e+00
9.55276e-01
4.81780e+01
1.63625e+00
1.22959e+01
1.16659e+00
3.22075e+00
6.69923e+00
6.27200e-01
2.53462e+00
1.09488e+00
1.22597e+01
4.95973e+01
7.28526e-01
2.21457e+00
1.31234e+00
2.73662e+00
8.60214e+00
8.22802e+00
1.73067e+00
6.95378e+01
3.37794e+00
1.00031e+00
1.02476e+00
6.93074e+00
6.35532e+00
1.27409e+00
4.74708e+00
7.21926e+01
2.43057e+00
3.07745e+00
7.98062e-01
2.90860e+00
8.31921e+00
8.95655e-01
8.08564e+00
2.71441e+00
2.53849e+00
7.82908e+00
2.60452e+00
1.12762e+00
1.78425e+00
7.03041e+01
1.37102e+00
9.59589e-01
2.00121e+00
6.19729e+00
9.06376e+00
1.20193e+00
9.55622e+01
5.32221e-01
2.17068e+01
3.99037e+00
2.36858e+00
6.08938e+00
8.96191e-01
8.75427e+01
2.29737e+00
1.22375e+00
4.06954e+00
8.47870e+00
6.20818e+00
6.66983e+00
8.62028e+00
8.96462e+01
2.27117e+00
4.38887e+00
1.20528e+00
8.79422e+00
2.47455e+01
2.02782e+00
1.15201e+00
1.05642e+02
4.39051e+00
1.32528e+00
1.76949e+00
4.86808e+00
2.73656e+01
7.86181e+00
1.20327e+00
4.15499e+00
1.89682e+00
1.06734e+02
2.34789e+00
1.07343e+01
2.34138e+01
7.21088e+00
1.06830e+02
1.78836e+00
2.27176e+00
4.34203e+00
1.14215e+00
1.48359e+00
9.58578e+00
3.92787e+01
1.04154e+01
1.13189e+00
1.28975e+02
2.67507e+00
8.40631e-01
1.76197e+00
7.15526e-01
4.28275e+01
9.34765e+00
1.63419e+00
4.87468e+00
1.26072e+02
1.75206e+00
1.10940e+01
1.35571e+00
9.42524e-01
1.70424e+00
9.23856e-01
1.20761e+00
1.02295e+01
2.72663e+00
1.23548e+02
5.01601e+00
1.19579e+00
6.56906e-01
4.19835e+01
5.41128e+01
3.15250e+00
1.22619e+01
2.50703e+00
9.34142e-01
1.53682e+02
1.86828e+01
1.10069e+00
1.66456e+00
1.32351e+00
5.45287e+01
1.29723e+01
6.38944e-01
1.54203e+00
1.61314e+02
2.33196e+00
2.37897e+00
1.53968e+00
1.12581e+00
1.39297e+00
2.10432e+00
1.61150e+02
1.27057e+00
1.22345e+01
7.50843e-01
5.33494e+01
6.36445e+01
3.47507e+00
1.54577e+01
1.03516e+00
1.95463e+02
1.15295e+00
3.50486e+00
2.56427e+00
1.55024e+00
3.35988e+00
1.57126e+01
6.40929e+01
7.59224e-01
1.94290e+02
2.65680e+00
1.22793e+00
3.04619e+00
1.00454e+00
1.15156e+00
3.14598e+00
1.95037e+02
1.92848e+00
5.60975e-01
6.38791e+01
6.67378e+01
9.52416e-01
1.78281e+01
5.51748e+00
1.70424e+00
7.71435e-01
2.09380e+02
1.76298e+00
1.52640e+00
3.51942e+00
2.73117e+00
2.26120e+01
1.59303e+00
6.74981e+01
1.29146e+00
2.08193e+02
2.71703e+00
1.66538e+00
3.60714e+00
1.59803e+00
1.70531e+00
3.81347e+00
1.77410e+01
1.45924e+00
4.40954e+00
6.72735e+01
1.13965e+01
1.15546e+00
1.08604e+00
1.05390e+02
3.00012e+00
1.40519e+00
2.31097e+00
2.52402e+00
9.58153e+00
1.69046e+00
3.42085e+00
2.32091e+02
3.18242e+00
4.10937e+00
2.80814e+00
1.05775e+02
9.50237e-01
7.74563e+00
8.10804e-01
2.33386e+02
1.65987e+00
4.43665e+00
2.87755e+00
6.53319e-01
9.80281e+00
9.30635e-01
9.67185e+00
3.00545e+00
3.77320e+00
4.01965e+00
2.32638e+02
1.83583e+00
1.89718e+00
7.57802e-01
1.03732e+02
8.04465e+00
2.93003e+00
2.64133e+00
1.46426e+00
7.53374e-01
9.16751e-01
2.25005e+00
1.21405e+00
1.09505e+00
2.00731e+00
8.13733e-01
1.10009e+00
1.19961e+00
8.62017e-01
2.50953e+00
1.05799e+00
9.42765e-01
1.59589e+00
1.25589e+00
3.21267e+00
3.45410e+00
1.24763e+00
1.12513e+00
1.73295e+00
1.14404e+00
2.97880e+00
1.46394e+00
2.67782e+00
3.13809e+00
2.74443e+00
5.34161e+00
3.27843e+00
6.48708e-01
2.47879e+00
5.41074e+00
6.28817e-01
1.83441e+00
2.59424e+00
2.02717e+00
6.34094e+00
3.16154e+00
6.98992e-01
1.39822e+00
1.20794e+00
1.66644e+00
3.24666e+00
1.14279e+00
1.12960e+00
8.63101e-01
8.42106e+00
1.89045e+00
1.60590e+00
1.86476e+00
1.54750e+00
1.86714e+00
8.90762e-01
7.45937e+00
6.47117e-01
6.59128e-01
1.65450e+00
2.61344e+00
1.35848e+01
1.24052e+00
4.65995e+00
1.53982e+00
1.27870e+00
1.43161e+00
1.05649e+00
1.69087e+00
1.34973e+00
1.34040e+01
2.43305e+00
1.85835e+00
1.39242e+01
7.75352e-01
7.65386e+00
1.67087e+00
2.75679e+00
1.95378e+00
3.22843e+00
9.76248e-01
9.21651e+00
1.07554e+00
1.36927e+00
2.36558e+00
3.13975e+00
1.47644e+01
8.07826e-01
5.20098e+00
1.64631e+00
1.48908e+00
1.48473e+01
1.06103e+00
2.17151e+00
3.24027e+00
6.26720e-01
9.32588e+00
3.64870e+00
1.02314e+00
1.48098e+01
1.07317e+00
8.87776e-01
7.41070e-01
9.51300e+00
2.10222e+00
3.43612e+00
2.50356e+00
1.07203e+01
1.27402e+00
1.26866e+00
9.46153e-01
1.94955e+00
2.78278e+00
9.49689e-01
4.16150e+00
2.05803e+01
1.66387e+00
7.78905e-01
1.39107e+00
6.01898e+00
1.86641e+00
7.78302e-01
1.93842e+00
2.95308e+00
1.98233e+01
4.04256e+00
9.45526e-01
1.37006e+00
2.59847e+00
1.47425e+00
1.09984e+01
1.91843e+01
1.34814e+00
1.71450e+00
2.65229e+00
4.12423e+00
1.08556e+01
3.78315e+00
3.00340e+00
1.16435e+01
1.71358e+00
7.79158e+00
1.01466e+00
1.65313e+00
7.77672e+00
6.00909e-01
1.69817e+00
5.95212e-01
1.36043e+00
1.30976e+00
6.66864e-01
7.44174e+00
2.34997e+00
2.02011e+00
9.48142e-01
3.23747e+00
2.36491e+01
4.67648e+00
3.50839e+00
1.71431e+00
1.70559e+00
1.33066e+01
2.07570e+00
7.70288e+00
2.56911e+01
2.10818e+00
5.17224e+00
3.75585e+00
1.27752e+01
3.78847e+00
1.27027e+01
2.17976e+00
6.65140e+00
9.37485e+00
2.31124e+00
9.95406e-01
4.37689e+00
2.04406e+00
1.19159e+00
1.27251e+00
2.54054e+00
1.21783e+00
1.09130e+00
1.94637e+00
2.11830e+00
1.06753e+00
1.14646e+00
1.28176e+00
2.57720e+00
9.73505e+00
2.25182e+00
3.38732e+01
4.46608e+00
1.18725e+00
1.12763e+00
6.92912e+00
2.37793e+00
4.47455e+00
2.17192e+00
1.33382e+01
1.15026e+00
2.47723e+00
8.79078e+00
3.47608e+01
7.25966e+00
1.12323e+00
9.37646e-01
6.35674e+00
1.80841e+00
1.36946e+01
5.13412e+00
1.00467e+00
1.86603e+00
2.75303e+00
4.25070e+01
5.10142e+00
1.28882e+01
2.77035e+00
1.99692e+00
4.21482e+01
1.33774e+00
1.83377e+00
1.94903e+00
1.32340e+00
5.66677e+00
2.05711e+00
1.31165e+01
4.22996e+01
2.46810e+00
5.86982e+00
4.18928e+01
2.61931e+00
5.96114e-01
1.10052e+00
1.01753e+00
5.42697e+00
1.25758e+01
4.06972e+01
2.38848e+00
4.17311e+01
8.57737e-01
1.60329e+00
3.06606e+00
6.18192e+00
1.40490e+00
2.41262e+00
1.23523e+00
8.27664e-01
4.57286e+00
2.33907e+00
6.40801e+01
3.26520e+00
6.69643e+00
1.57487e+01
5.21064e+01
1.15132e+00
7.58802e-01
6.82832e+00
1.86716e+01
6.37006e+01
6.85419e+00
6.40310e+01
4.74891e+00
3.53975e+00
7.66739e+00
1.59041e+00
1.31094e+00
1.53055e+01
6.82000e+00
5.11910e+01
6.88251e-01
8.81008e-01
3.09629e+00
3.10635e+00
6.95642e+01
6.35922e+00
7.92094e-01
1.59524e+00
3.85121e+00
3.80512e+00
7.78000e+01
6.64984e+00
1.37105e+00
7.98568e-01
1.61265e+00
2.06538e+00
7.71847e-01
9.96020e+01
7.25821e+00
3.57186e+00
7.68963e+01
6.68584e+00
4.09658e+00
7.83937e-01
6.02085e-01
1.46735e+00
9.52111e+01
1.10091e+00
7.51550e-01
7.66385e+01
4.00333e+00
4.05622e+00
7.48992e+00
6.16032e-01
1.10304e+02
5.86909e+00
1.61561e+00
1.21947e+02
2.37874e+00
8.93671e-01
7.01403e-01
2.54553e+00
1.82895e+00
7.94721e-01
1.49048e+00
1.75281e+00
2.15072e+00
1.25152e+02
1.33762e+00
1.12910e+02
5.56225e+00
7.81596e-01
6.14755e-01
1.96897e+00
1.04791e+00
2.35271e+00
2.28873e+00
1.24705e+02
5.99297e-01
1.72428e+00
5.25917e+00
2.36795e+00
1.10295e+02
2.03620e+01
6.60043e-01
1.74653e+00
6.89495e-01
5.17239e-01
1.20145e+00
1.70216e+00
8.98768e-01
1.40806e+02
1.41775e+02
3.25855e+00
2.21156e+00
4.88134e-01
1.54615e+00
1.50569e+00
7.06298e-01
1.36431e+00
1.20706e+00
2.92889e+02
2.04897e+00
6.78122e-01
3.65750e+00
2.28504e+00
8.93755e-01
1.88916e+00
2.19628e+00
1.09522e+00
3.00353e+00
2.01910e+00
7.86009e-01
1.44695e+02
1.27064e+00
1.42096e+02
1.25238e+00
7.00927e-01
5.62363e-01
1.81410e+00
1.37850e+00
3.38975e+02
1.20719e+00
1.89945e+00
2.14033e+00
7.32617e-01
1.01432e+00
4.18267e+00
3.83729e+00
3.88572e+00
6.54156e-01
1.24119e+00
2.09389e+00
3.36584e+02
3.05201e+00
1.98475e+00
3.92427e+00
4.42531e+00
2.09101e+00
1.09378e+00
4.40973e+00
4.16633e+00
4.54496e+00
9.50004e-01
2.94407e+00
1.71499e+00
3.22915e+00
3.39275e+02
2.22014e+00
5.55762e+00
1.47715e+00
2.01619e+00
1.11526e+00
4.28237e+02
1.00811e+00
5.55210e-01
9.81662e-01
1.03128e+00
4.28401e+02
4.52422e+00
1.96124e+00
1.46575e+00
9.46218e-01
3.71929e+00
5.72690e+00
7.91286e-01
2.42061e+01
2.79694e+00
1.52380e+00
6.80816e-01
8.75969e-01
5.36213e+00
4.26924e+00
6.49217e+00
4.27201e+02
1.77262e+00
8.24681e-01
2.81508e+00
1.25636e+00
1.04362e+00
2.51859e+01
9.86261e-01
2.73810e+01
9.14384e-01
1.70891e+00
1.41779e+00
1.42238e+00
4.94071e+02
7.32351e+00
9.61450e-01
3.57788e+00
1.15441e+00
4.99558e+00
1.38925e+01
7.79832e-01
1.43469e+00
1.91166e+00
1.25632e+00
5.02714e+02
9.80221e-01
1.12145e+00
1.21819e+00
6.85618e+00
4.63470e+00
7.27610e-01
1.74325e+00
1.17037e+00
1.93901e+00
1.17018e+00
4.89438e+00
4.92893e+02
7.20538e+00
1.53477e+00
7.71107e+00
1.04154e+00
2.65682e+00
7.28308e-01
2.74802e+00
9.99011e-01
6.82174e-01
2.44509e+00
3.15101e+00
9.51789e-01
1.08895e+00
3.07698e+00
1.18310e+00
3.21521e+00
4.28646e+00
1.49050e+00
8.22133e-01
4.20298e+00
1.28846e+00
4.26729e+00
5.13936e+00
1.51454e+00
2.65802e+00
6.23194e-01
5.43069e+00
1.39873e+00
8.30972e-01
5.83606e+00
6.56401e+00
1.49578e+00
5.39259e+00
9.43872e-01
3.82181e+00
3.37623e+00
8.62265e-01
1.02971e+01
1.08840e+01
1.21147e+00
3.63903e+00
1.14750e+01
1.03741e+01
1.34676e+00
4.54195e+00
1.20501e+01
1.59128e+01
4.45048e+00
1.35159e+00
1.20945e+01
1.66086e+01
1.35355e+00
1.20231e+00
4.52611e+00
1.58625e+01
1.18925e+01
7.15825e-01
7.95165e+00
1.29314e+01
1.84118e+01
1.26769e+01
1.90792e+01
1.03326e+00
2.03218e+00
7.77879e+00
1.91290e+01
1.36496e+01
1.35664e+01
2.19516e+01
8.11528e-01
7.87459e+00
2.34586e+01
1.35337e+01
8.79537e-01
2.33495e+00
8.09457e+00
1.19831e+00
1.21735e+01
1.22268e+00
1.31873e+01
3.76672e+00
1.14297e+00
1.28971e+01
4.94936e+01
1.50410e+01
1.88794e+00
9.73258e-01
1.48994e+00
2.24832e+00
1.55880e+01
4.44475e+00
1.98945e+00
8.52802e-01
1.63355e+01
5.70012e+01
1.92815e+01
3.06991e+00
1.17651e+00
1.63592e+00
1.30577e+00
3.06561e+00
1.98571e+01
1.13529e+00
1.38603e+00
5.33313e+00
3.18415e+00
1.90636e+01
1.54696e+00
1.22033e+00
6.23496e+01
2.31496e+01
3.91178e+00
1.93026e+00
1.68789e+00
2.43353e+01
3.77984e+00
2.21360e+00
9.97157e-01
1.13610e+00
6.71403e+00
2.34820e+01
4.05127e+00
1.74841e+00
7.15700e+01
1.77388e+00
9.59359e+00
2.24926e+00
3.65477e+01
4.32139e+00
1.69922e+00
2.51160e+00
8.74597e+00
3.68135e+01
4.83676e+00
5.66760e-01
1.45471e+00
7.35014e+01
2.30895e+00
1.68902e+00
9.47479e+00
3.47015e+01
6.90562e+00
1.55157e+00
7.43199e+01
4.74902e+00
1.84262e+00
1.01804e+01
3.87467e+00
4.76110e+01
2.61201e+00
8.27630e+01
1.73527e+00
6.32770e-01
2.93661e+00
1.07099e+01
4.44184e+01
5.91250e+00
2.17732e+00
8.06774e+01
1.14934e+00
6.90867e+00
2.29392e+00
1.06504e+01
4.44969e+01
2.79761e+00
1.62346e+00
8.14701e+01
1.92746e+00
5.96367e+00
