Microns	Transmission
1.000	4.810E-06
1.001	4.771E-06
1.002	4.613E-06
1.003	4.598E-06
1.004	4.645E-06
1.005	5.400E-06
1.006	6.185E-06
1.007	5.174E-06
1.008	4.009E-06
1.009	3.414E-06
1.010	4.121E-06
1.011	4.406E-06
1.012	4.061E-06
1.013	3.792E-06
1.014	3.731E-06
1.015	4.120E-06
1.016	4.002E-06
1.017	3.489E-06
1.018	2.740E-06
1.019	3.103E-06
1.020	3.726E-06
1.021	4.842E-06
1.022	4.261E-06
1.023	4.204E-06
1.024	4.217E-06
1.025	4.748E-06
1.026	4.433E-06
1.027	3.912E-06
1.028	3.442E-06
1.029	2.815E-06
1.030	2.217E-06
1.031	2.318E-06
1.032	2.822E-06
1.033	3.278E-06
1.034	3.190E-06
1.035	3.203E-06
1.036	3.239E-06
1.037	2.998E-06
1.038	2.807E-06
1.039	3.028E-06
1.040	3.587E-06
1.041	3.943E-06
1.042	3.179E-06
1.043	3.397E-06
1.044	3.483E-06
1.045	4.196E-06
1.046	3.694E-06
1.047	3.725E-06
1.048	3.383E-06
1.049	3.449E-06
1.050	3.469E-06
1.051	3.420E-06
1.052	3.272E-06
1.053	3.085E-06
1.054	2.967E-06
1.055	2.673E-06
1.056	2.235E-06
1.057	2.142E-06
1.058	2.297E-06
1.059	2.674E-06
1.060	2.837E-06
1.061	3.066E-06
1.062	3.208E-06
1.063	3.143E-06
1.064	3.337E-06
1.065	3.645E-06
1.066	4.065E-06
1.067	3.871E-06
1.068	3.041E-06
1.069	2.519E-06
1.070	2.718E-06
1.071	3.530E-06
1.072	4.120E-06
1.073	3.878E-06
1.074	3.972E-06
1.075	3.552E-06
1.076	3.532E-06
1.077	2.899E-06
1.078	2.683E-06
1.079	2.534E-06
1.080	2.266E-06
1.081	2.225E-06
1.082	1.978E-06
1.083	2.006E-06
1.084	2.624E-06
1.085	2.708E-06
1.086	3.050E-06
1.087	2.730E-06
1.088	2.940E-06
1.089	2.811E-06
1.090	2.801E-06
1.091	2.818E-06
1.092	2.938E-06
1.093	2.412E-06
1.094	1.880E-06
1.095	1.650E-06
1.096	1.983E-06
1.097	2.294E-06
1.098	2.610E-06
1.099	2.797E-06
1.100	3.224E-06
1.101	3.150E-06
1.102	2.786E-06
1.103	2.407E-06
1.104	2.553E-06
1.105	3.269E-06
1.106	3.520E-06
1.107	2.919E-06
1.108	2.170E-06
1.109	1.842E-06
1.110	1.864E-06
1.111	2.565E-06
1.112	3.126E-06
1.113	3.837E-06
1.114	3.621E-06
1.115	3.189E-06
1.116	2.905E-06
1.117	2.477E-06
1.118	2.606E-06
1.119	2.619E-06
1.120	2.782E-06
1.121	2.438E-06
1.122	1.973E-06
1.123	2.106E-06
1.124	2.330E-06
1.125	2.430E-06
1.126	2.485E-06
1.127	2.669E-06
1.128	3.098E-06
1.129	3.452E-06
1.130	3.574E-06
1.131	3.740E-06
1.132	2.965E-06
1.133	2.716E-06
1.134	2.325E-06
1.135	2.596E-06
1.136	2.619E-06
1.137	2.616E-06
1.138	2.558E-06
1.139	2.391E-06
1.140	2.521E-06
1.141	2.687E-06
1.142	2.677E-06
1.143	2.706E-06
1.144	2.874E-06
1.145	3.281E-06
1.146	2.950E-06
1.147	2.521E-06
1.148	2.363E-06
1.149	2.735E-06
1.150	2.788E-06
1.151	2.843E-06
1.152	2.924E-06
1.153	3.106E-06
1.154	2.970E-06
1.155	2.946E-06
1.156	2.981E-06
1.157	3.150E-06
1.158	2.884E-06
1.159	2.667E-06
1.160	2.567E-06
1.161	2.605E-06
1.162	2.970E-06
1.163	3.146E-06
1.164	3.348E-06
1.165	2.989E-06
1.166	3.154E-06
1.167	3.355E-06
1.168	3.745E-06
1.169	3.918E-06
1.170	3.859E-06
1.171	3.668E-06
1.172	3.090E-06
1.173	3.116E-06
1.174	3.327E-06
1.175	3.483E-06
1.176	3.588E-06
1.177	3.675E-06
1.178	3.788E-06
1.179	3.503E-06
1.180	3.585E-06
1.181	3.185E-06
1.182	3.367E-06
1.183	3.035E-06
1.184	3.205E-06
1.185	3.003E-06
1.186	2.870E-06
1.187	2.801E-06
1.188	2.679E-06
1.189	2.584E-06
1.190	2.481E-06
1.191	2.461E-06
1.192	2.204E-06
1.193	2.328E-06
1.194	2.694E-06
1.195	3.329E-06
1.196	3.560E-06
1.197	3.496E-06
1.198	2.861E-06
1.199	2.903E-06
1.200	2.890E-06
1.201	3.944E-06
1.202	4.358E-06
1.203	4.458E-06
1.204	4.584E-06
1.205	4.516E-06
1.206	4.467E-06
1.207	4.313E-06
1.208	3.957E-06
1.209	4.041E-06
1.210	3.776E-06
1.211	4.058E-06
1.212	4.342E-06
1.213	4.246E-06
1.214	4.231E-06
1.215	3.834E-06
1.216	3.757E-06
1.217	3.671E-06
1.218	3.794E-06
1.219	4.567E-06
1.220	4.782E-06
1.221	4.873E-06
1.222	4.510E-06
1.223	4.300E-06
1.224	4.445E-06
1.225	4.735E-06
1.226	5.151E-06
1.227	5.925E-06
1.228	5.836E-06
1.229	6.013E-06
1.230	5.680E-06
1.231	5.846E-06
1.232	5.546E-06
1.233	5.587E-06
1.234	5.345E-06
1.235	5.549E-06
1.236	5.376E-06
1.237	6.138E-06
1.238	6.901E-06
1.239	7.767E-06
1.240	8.051E-06
1.241	8.018E-06
1.242	8.435E-06
1.243	8.399E-06
1.244	9.162E-06
1.245	9.590E-06
1.246	1.062E-05
1.247	1.131E-05
1.248	1.189E-05
1.249	1.295E-05
1.250	1.389E-05
1.251	1.530E-05
1.252	1.621E-05
1.253	1.781E-05
1.254	1.932E-05
1.255	2.113E-05
1.256	2.269E-05
1.257	2.442E-05
1.258	2.674E-05
1.259	2.917E-05
1.260	3.213E-05
1.261	3.469E-05
1.262	3.849E-05
1.263	4.249E-05
1.264	4.732E-05
1.265	5.209E-05
1.266	5.736E-05
1.267	6.336E-05
1.268	6.965E-05
1.269	7.735E-05
1.270	8.665E-05
1.271	9.742E-05
1.272	1.096E-04
1.273	1.230E-04
1.274	1.391E-04
1.275	1.576E-04
1.276	1.799E-04
1.277	2.054E-04
1.278	2.352E-04
1.279	2.693E-04
1.280	3.089E-04
1.281	3.552E-04
1.282	4.085E-04
1.283	4.695E-04
1.284	5.388E-04
1.285	6.194E-04
1.286	7.147E-04
1.287	8.231E-04
1.288	9.507E-04
1.289	1.101E-03
1.290	1.279E-03
1.291	1.484E-03
1.292	1.733E-03
1.293	2.031E-03
1.294	2.386E-03
1.295	2.822E-03
1.296	3.350E-03
1.297	4.004E-03
1.298	4.808E-03
1.299	5.799E-03
1.300	7.025E-03
1.301	8.531E-03
1.302	1.041E-02
1.303	1.270E-02
1.304	1.544E-02
1.305	1.855E-02
1.306	2.166E-02
1.307	2.416E-02
1.308	2.643E-02
1.309	2.891E-02
1.310	3.195E-02
1.311	3.520E-02
1.312	3.908E-02
1.313	4.366E-02
1.314	4.942E-02
1.315	5.539E-02
1.316	6.272E-02
1.317	7.098E-02
1.318	8.202E-02
1.319	9.544E-02
1.320	1.124E-01
1.321	1.320E-01
1.322	1.555E-01
1.323	1.822E-01
1.324	2.141E-01
1.325	2.489E-01
1.326	2.892E-01
1.327	3.336E-01
1.328	3.846E-01
1.329	4.399E-01
1.330	4.990E-01
1.331	5.588E-01
1.332	6.175E-01
1.333	6.738E-01
1.334	7.263E-01
1.335	7.720E-01
1.336	8.107E-01
1.337	8.423E-01
1.338	8.684E-01
1.339	8.872E-01
1.340	8.997E-01
1.341	9.079E-01
1.342	9.136E-01
1.343	9.193E-01
1.344	9.220E-01
1.345	9.249E-01
1.346	9.259E-01
1.347	9.286E-01
1.348	9.306E-01
1.349	9.327E-01
1.350	9.353E-01
1.351	9.364E-01
1.352	9.371E-01
1.353	9.380E-01
1.354	9.385E-01
1.355	9.392E-01
1.356	9.376E-01
1.357	9.366E-01
1.358	9.350E-01
1.359	9.334E-01
1.360	9.315E-01
1.361	9.288E-01
1.362	9.266E-01
1.363	9.238E-01
1.364	9.235E-01
1.365	9.238E-01
1.366	9.242E-01
1.367	9.232E-01
1.368	9.216E-01
1.369	9.216E-01
1.370	9.220E-01
1.371	9.219E-01
1.372	9.211E-01
1.373	9.189E-01
1.374	9.173E-01
1.375	9.169E-01
1.376	9.166E-01
1.377	9.167E-01
1.378	9.162E-01
1.379	9.161E-01
1.380	9.147E-01
1.381	9.128E-01
1.382	9.127E-01
1.383	9.130E-01
1.384	9.125E-01
1.385	9.114E-01
1.386	9.106E-01
1.387	9.097E-01
1.388	9.084E-01
1.389	9.084E-01
1.390	9.101E-01
1.391	9.104E-01
1.392	9.111E-01
1.393	9.111E-01
1.394	9.136E-01
1.395	9.147E-01
1.396	9.168E-01
1.397	9.185E-01
1.398	9.206E-01
1.399	9.213E-01
1.400	9.230E-01
1.401	9.246E-01
1.402	9.272E-01
1.403	9.292E-01
1.404	9.317E-01
1.405	9.347E-01
1.406	9.357E-01
1.407	9.366E-01
1.408	9.366E-01
1.409	9.379E-01
1.410	9.383E-01
1.411	9.404E-01
1.412	9.414E-01
1.413	9.440E-01
1.414	9.448E-01
1.415	9.460E-01
1.416	9.466E-01
1.417	9.461E-01
1.418	9.472E-01
1.419	9.476E-01
1.420	9.493E-01
1.421	9.484E-01
1.422	9.493E-01
1.423	9.504E-01
1.424	9.523E-01
1.425	9.524E-01
1.426	9.520E-01
1.427	9.522E-01
1.428	9.520E-01
1.429	9.533E-01
1.430	9.545E-01
1.431	9.563E-01
1.432	9.562E-01
1.433	9.549E-01
1.434	9.545E-01
1.435	9.555E-01
1.436	9.562E-01
1.437	9.563E-01
1.438	9.559E-01
1.439	9.555E-01
1.440	9.561E-01
1.441	9.555E-01
1.442	9.566E-01
1.443	9.554E-01
1.444	9.561E-01
1.445	9.558E-01
1.446	9.561E-01
1.447	9.549E-01
1.448	9.560E-01
1.449	9.568E-01
1.450	9.572E-01
1.451	9.565E-01
1.452	9.566E-01
1.453	9.559E-01
1.454	9.535E-01
1.455	9.510E-01
1.456	9.491E-01
1.457	9.479E-01
1.458	9.467E-01
1.459	9.463E-01
1.460	9.441E-01
1.461	9.411E-01
1.462	9.384E-01
1.463	9.373E-01
1.464	9.362E-01
1.465	9.348E-01
1.466	9.326E-01
1.467	9.303E-01
1.468	9.286E-01
1.469	9.275E-01
1.470	9.261E-01
1.471	9.233E-01
1.472	9.216E-01
1.473	9.195E-01
1.474	9.203E-01
1.475	9.195E-01
1.476	9.218E-01
1.477	9.208E-01
1.478	9.213E-01
1.479	9.204E-01
1.480	9.212E-01
1.481	9.207E-01
1.482	9.214E-01
1.483	9.220E-01
1.484	9.246E-01
1.485	9.267E-01
1.486	9.283E-01
1.487	9.293E-01
1.488	9.299E-01
1.489	9.318E-01
1.490	9.330E-01
1.491	9.359E-01
1.492	9.381E-01
1.493	9.411E-01
1.494	9.412E-01
1.495	9.426E-01
1.496	9.442E-01
1.497	9.459E-01
1.498	9.472E-01
1.499	9.499E-01
1.500	9.525E-01
1.501	9.546E-01
1.502	9.540E-01
1.503	9.555E-01
1.504	9.576E-01
1.505	9.593E-01
1.506	9.612E-01
1.507	9.615E-01
1.508	9.631E-01
1.509	9.637E-01
1.510	9.658E-01
1.511	9.661E-01
1.512	9.670E-01
1.513	9.672E-01
1.514	9.683E-01
1.515	9.683E-01
1.516	9.693E-01
1.517	9.710E-01
1.518	9.702E-01
1.519	9.697E-01
1.520	9.677E-01
1.521	9.668E-01
1.522	9.677E-01
1.523	9.659E-01
1.524	9.652E-01
1.525	9.618E-01
1.526	9.622E-01
1.527	9.622E-01
1.528	9.608E-01
1.529	9.586E-01
1.530	9.572E-01
1.531	9.562E-01
1.532	9.557E-01
1.533	9.548E-01
1.534	9.529E-01
1.535	9.516E-01
1.536	9.499E-01
1.537	9.510E-01
1.538	9.502E-01
1.539	9.496E-01
1.540	9.476E-01
1.541	9.464E-01
1.542	9.457E-01
1.543	9.460E-01
1.544	9.434E-01
1.545	9.429E-01
1.546	9.410E-01
1.547	9.415E-01
1.548	9.404E-01
1.549	9.369E-01
1.550	9.357E-01
1.551	9.332E-01
1.552	9.336E-01
1.553	9.313E-01
1.554	9.310E-01
1.555	9.280E-01
1.556	9.259E-01
1.557	9.224E-01
1.558	9.210E-01
1.559	9.202E-01
1.560	9.195E-01
1.561	9.193E-01
1.562	9.174E-01
1.563	9.158E-01
1.564	9.137E-01
1.565	9.137E-01
1.566	9.144E-01
1.567	9.168E-01
1.568	9.183E-01
1.569	9.190E-01
1.570	9.197E-01
1.571	9.208E-01
1.572	9.242E-01
1.573	9.255E-01
1.574	9.292E-01
1.575	9.309E-01
1.576	9.354E-01
1.577	9.381E-01
1.578	9.404E-01
1.579	9.422E-01
1.580	9.437E-01
1.581	9.465E-01
1.582	9.490E-01
1.583	9.515E-01
1.584	9.547E-01
1.585	9.562E-01
1.586	9.567E-01
1.587	9.563E-01
1.588	9.563E-01
1.589	9.566E-01
1.590	9.566E-01
1.591	9.578E-01
1.592	9.601E-01
1.593	9.612E-01
1.594	9.607E-01
1.595	9.605E-01
1.596	9.614E-01
1.597	9.632E-01
1.598	9.638E-01
1.599	9.626E-01
1.600	9.628E-01
1.601	9.635E-01
1.602	9.651E-01
1.603	9.650E-01
1.604	9.643E-01
1.605	9.643E-01
1.606	9.651E-01
1.607	9.668E-01
1.608	9.665E-01
1.609	9.658E-01
1.610	9.648E-01
1.611	9.655E-01
1.612	9.650E-01
1.613	9.645E-01
1.614	9.629E-01
1.615	9.632E-01
1.616	9.622E-01
1.617	9.634E-01
1.618	9.615E-01
1.619	9.609E-01
1.620	9.575E-01
1.621	9.568E-01
1.622	9.547E-01
1.623	9.529E-01
1.624	9.497E-01
1.625	9.472E-01
1.626	9.444E-01
1.627	9.423E-01
1.628	9.409E-01
1.629	9.393E-01
1.630	9.378E-01
1.631	9.363E-01
1.632	9.365E-01
1.633	9.361E-01
1.634	9.358E-01
1.635	9.368E-01
1.636	9.384E-01
1.637	9.408E-01
1.638	9.416E-01
1.639	9.438E-01
1.640	9.444E-01
1.641	9.462E-01
1.642	9.473E-01
1.643	9.492E-01
1.644	9.490E-01
1.645	9.496E-01
1.646	9.504E-01
1.647	9.547E-01
1.648	9.573E-01
1.649	9.590E-01
1.650	9.607E-01
1.651	9.621E-01
1.652	9.652E-01
1.653	9.671E-01
1.654	9.691E-01
1.655	9.678E-01
1.656	9.644E-01
1.657	9.580E-01
1.658	9.476E-01
1.659	9.306E-01
1.660	9.063E-01
1.661	8.751E-01
1.662	8.360E-01
1.663	7.885E-01
1.664	7.350E-01
1.665	6.779E-01
1.666	6.175E-01
1.667	5.554E-01
1.668	4.923E-01
1.669	4.320E-01
1.670	3.753E-01
1.671	3.233E-01
1.672	2.770E-01
1.673	2.364E-01
1.674	2.025E-01
1.675	1.752E-01
1.676	1.525E-01
1.677	1.336E-01
1.678	1.164E-01
1.679	1.019E-01
1.680	8.912E-02
1.681	7.900E-02
1.682	6.999E-02
1.683	6.206E-02
1.684	5.408E-02
1.685	4.652E-02
1.686	3.936E-02
1.687	3.305E-02
1.688	2.770E-02
1.689	2.320E-02
1.690	1.944E-02
1.691	1.636E-02
1.692	1.376E-02
1.693	1.160E-02
1.694	9.793E-03
1.695	8.288E-03
1.696	7.031E-03
1.697	5.974E-03
1.698	5.096E-03
1.699	4.346E-03
1.700	3.731E-03
1.701	3.209E-03
1.702	2.767E-03
1.703	2.386E-03
1.704	2.068E-03
1.705	1.799E-03
1.706	1.569E-03
1.707	1.371E-03
1.708	1.200E-03
1.709	1.054E-03
1.710	9.286E-04
1.711	8.216E-04
1.712	7.291E-04
1.713	6.465E-04
1.714	5.750E-04
1.715	5.109E-04
1.716	4.580E-04
1.717	4.099E-04
1.718	3.678E-04
1.719	3.301E-04
1.720	2.975E-04
1.721	2.699E-04
1.722	2.438E-04
1.723	2.208E-04
1.724	1.997E-04
1.725	1.823E-04
1.726	1.654E-04
1.727	1.511E-04
1.728	1.372E-04
1.729	1.266E-04
1.730	1.158E-04
1.731	1.071E-04
1.732	9.813E-05
1.733	8.908E-05
1.734	8.222E-05
1.735	7.524E-05
1.736	7.027E-05
1.737	6.508E-05
1.738	6.025E-05
1.739	5.596E-05
1.740	5.126E-05
1.741	4.743E-05
1.742	4.375E-05
1.743	4.131E-05
1.744	3.907E-05
1.745	3.738E-05
1.746	3.475E-05
1.747	3.347E-05
1.748	3.181E-05
1.749	2.981E-05
1.750	2.802E-05
1.751	2.577E-05
1.752	2.430E-05
1.753	2.249E-05
1.754	2.203E-05
1.755	2.133E-05
1.756	2.051E-05
1.757	1.777E-05
1.758	1.738E-05
1.759	1.660E-05
1.760	1.797E-05
1.761	1.694E-05
1.762	1.621E-05
1.763	1.499E-05
1.764	1.414E-05
1.765	1.439E-05
1.766	1.366E-05
1.767	1.380E-05
1.768	1.234E-05
1.769	1.246E-05
1.770	1.307E-05
1.771	1.279E-05
1.772	1.283E-05
1.773	1.147E-05
1.774	1.133E-05
1.775	1.123E-05
1.776	1.179E-05
1.777	1.253E-05
1.778	1.260E-05
1.779	1.103E-05
1.780	9.788E-06
1.781	8.771E-06
1.782	8.880E-06
1.783	8.724E-06
1.784	8.960E-06
1.785	9.636E-06
1.786	1.119E-05
1.787	1.155E-05
1.788	1.082E-05
1.789	1.028E-05
1.790	9.562E-06
1.791	1.094E-05
1.792	1.055E-05
1.793	1.078E-05
1.794	9.770E-06
1.795	1.091E-05
1.796	1.091E-05
1.797	1.095E-05
1.798	9.111E-06
1.799	8.153E-06
1.800	9.107E-06
1.801	9.938E-06
1.802	1.158E-05
1.803	1.181E-05
1.804	1.121E-05
1.805	1.016E-05
1.806	8.792E-06
1.807	9.575E-06
1.808	9.995E-06
1.809	1.087E-05
1.810	1.199E-05
1.811	1.179E-05
1.812	1.160E-05
1.813	1.019E-05
1.814	1.044E-05
1.815	9.554E-06
1.816	9.264E-06
1.817	9.722E-06
1.818	1.143E-05
1.819	1.137E-05
1.820	1.111E-05
1.821	9.991E-06
1.822	1.051E-05
1.823	1.060E-05
1.824	1.074E-05
1.825	1.105E-05
1.826	1.031E-05
1.827	9.036E-06
1.828	9.520E-06
1.829	9.389E-06
1.830	1.126E-05
1.831	9.917E-06
1.832	1.106E-05
1.833	9.014E-06
1.834	1.030E-05
1.835	9.730E-06
1.836	1.116E-05
1.837	9.052E-06
1.838	9.808E-06
1.839	8.691E-06
1.840	1.022E-05
1.841	8.459E-06
1.842	1.003E-05
1.843	1.040E-05
1.844	1.094E-05
1.845	1.043E-05
1.846	1.132E-05
1.847	1.236E-05
1.848	1.192E-05
1.849	1.144E-05
1.850	1.093E-05
1.851	1.429E-05
1.852	1.374E-05
1.853	1.376E-05
1.854	1.097E-05
1.855	1.222E-05
1.856	1.269E-05
1.857	1.202E-05
1.858	1.193E-05
1.859	9.761E-06
1.860	1.157E-05
1.861	1.097E-05
1.862	1.462E-05
1.863	1.327E-05
1.864	1.384E-05
1.865	1.181E-05
1.866	1.126E-05
1.867	1.157E-05
1.868	1.171E-05
1.869	1.288E-05
1.870	1.203E-05
1.871	1.320E-05
1.872	1.237E-05
1.873	1.167E-05
1.874	1.027E-05
1.875	1.069E-05
1.876	1.104E-05
1.877	1.219E-05
1.878	1.203E-05
1.879	1.086E-05
1.880	9.617E-06
1.881	8.255E-06
1.882	9.575E-06
1.883	1.008E-05
1.884	1.283E-05
1.885	1.205E-05
1.886	1.081E-05
1.887	9.896E-06
1.888	1.003E-05
1.889	1.136E-05
1.890	1.099E-05
1.891	1.152E-05
1.892	1.112E-05
1.893	1.138E-05
1.894	9.933E-06
1.895	1.136E-05
1.896	1.272E-05
1.897	1.510E-05
1.898	1.435E-05
1.899	1.232E-05
1.900	1.080E-05
1.901	1.054E-05
1.902	1.178E-05
1.903	1.116E-05
1.904	1.094E-05
1.905	1.038E-05
1.906	1.145E-05
1.907	1.193E-05
1.908	1.153E-05
1.909	1.164E-05
1.910	1.196E-05
1.911	1.251E-05
1.912	1.377E-05
1.913	1.313E-05
1.914	1.301E-05
1.915	1.121E-05
1.916	1.133E-05
1.917	1.098E-05
1.918	1.248E-05
1.919	1.214E-05
1.920	1.285E-05
1.921	1.239E-05
1.922	1.355E-05
1.923	1.319E-05
1.924	1.320E-05
1.925	1.093E-05
1.926	1.192E-05
1.927	1.187E-05
1.928	1.259E-05
1.929	1.159E-05
1.930	1.157E-05
1.931	1.180E-05
1.932	1.133E-05
1.933	1.114E-05
1.934	1.157E-05
1.935	1.323E-05
1.936	1.326E-05
1.937	1.320E-05
1.938	1.040E-05
1.939	1.148E-05
1.940	1.117E-05
1.941	1.354E-05
1.942	1.314E-05
1.943	1.361E-05
1.944	1.511E-05
1.945	1.488E-05
1.946	1.601E-05
1.947	1.470E-05
1.948	1.254E-05
1.949	1.270E-05
1.950	1.310E-05
1.951	1.394E-05
1.952	1.212E-05
1.953	1.106E-05
1.954	1.036E-05
1.955	1.146E-05
1.956	1.075E-05
1.957	1.300E-05
1.958	1.201E-05
1.959	1.232E-05
1.960	1.108E-05
1.961	1.157E-05
1.962	1.117E-05
1.963	1.098E-05
1.964	1.041E-05
1.965	1.154E-05
1.966	1.317E-05
1.967	1.278E-05
1.968	1.396E-05
1.969	1.225E-05
1.970	1.348E-05
1.971	1.203E-05
1.972	1.334E-05
1.973	1.349E-05
1.974	1.396E-05
1.975	1.211E-05
1.976	1.129E-05
1.977	1.132E-05
1.978	1.356E-05
1.979	1.466E-05
1.980	1.273E-05
1.981	1.175E-05
1.982	1.287E-05
1.983	1.557E-05
1.984	1.462E-05
1.985	1.262E-05
1.986	1.185E-05
1.987	1.319E-05
1.988	1.455E-05
1.989	1.496E-05
1.990	1.327E-05
1.991	1.268E-05
1.992	1.163E-05
1.993	1.182E-05
1.994	1.137E-05
1.995	1.328E-05
1.996	1.415E-05
1.997	1.437E-05
1.998	1.345E-05
1.999	1.256E-05
2.000	1.143E-05
2.001	9.796E-06
2.002	1.107E-05
2.003	1.313E-05
2.004	1.471E-05
2.005	1.347E-05
2.006	1.260E-05
2.007	1.339E-05
2.008	1.382E-05
2.009	1.417E-05
2.010	1.368E-05
2.011	1.608E-05
2.012	1.485E-05
2.013	1.513E-05
2.014	1.340E-05
2.015	1.509E-05
2.016	1.297E-05
2.017	1.480E-05
2.018	1.464E-05
2.019	1.701E-05
2.020	1.577E-05
2.021	1.610E-05
2.022	1.353E-05
2.023	1.300E-05
2.024	1.362E-05
2.025	1.546E-05
2.026	1.592E-05
2.027	1.334E-05
2.028	1.348E-05
2.029	1.530E-05
2.030	1.682E-05
2.031	1.632E-05
2.032	1.759E-05
2.033	1.658E-05
2.034	1.495E-05
2.035	1.256E-05
2.036	1.198E-05
2.037	1.448E-05
2.038	1.433E-05
2.039	1.527E-05
2.040	1.330E-05
2.041	1.631E-05
2.042	1.604E-05
2.043	1.767E-05
2.044	1.310E-05
2.045	1.492E-05
2.046	1.316E-05
2.047	1.347E-05
2.048	1.366E-05
2.049	1.505E-05
2.050	1.605E-05
2.051	1.536E-05
2.052	1.517E-05
2.053	1.446E-05
2.054	1.379E-05
2.055	1.449E-05
2.056	1.481E-05
2.057	1.371E-05
2.058	1.474E-05
2.059	1.412E-05
2.060	1.611E-05
2.061	1.514E-05
2.062	1.564E-05
2.063	1.535E-05
2.064	1.653E-05
2.065	1.873E-05
2.066	1.712E-05
2.067	1.547E-05
2.068	1.633E-05
2.069	1.728E-05
2.070	1.879E-05
2.071	1.572E-05
2.072	1.622E-05
2.073	1.485E-05
2.074	1.695E-05
2.075	1.715E-05
2.076	1.727E-05
2.077	1.554E-05
2.078	1.598E-05
2.079	1.678E-05
2.080	1.979E-05
2.081	1.815E-05
2.082	1.961E-05
2.083	1.623E-05
2.084	1.789E-05
2.085	1.500E-05
2.086	1.618E-05
2.087	1.535E-05
2.088	1.511E-05
2.089	1.580E-05
2.090	1.758E-05
2.091	1.868E-05
2.092	1.736E-05
2.093	1.669E-05
2.094	1.502E-05
2.095	1.613E-05
2.096	1.598E-05
2.097	1.912E-05
2.098	1.834E-05
2.099	1.787E-05
2.100	1.693E-05
2.101	1.707E-05
2.102	1.689E-05
2.103	1.692E-05
2.104	1.930E-05
2.105	1.885E-05
2.106	1.992E-05
2.107	1.961E-05
2.108	1.900E-05
2.109	1.741E-05
2.110	1.469E-05
2.111	1.626E-05
2.112	1.599E-05
2.113	1.679E-05
2.114	1.649E-05
2.115	1.730E-05
2.116	1.845E-05
2.117	1.855E-05
2.118	1.985E-05
2.119	2.040E-05
2.120	2.256E-05
2.121	2.272E-05
2.122	2.194E-05
2.123	1.906E-05
2.124	1.562E-05
2.125	1.679E-05
2.126	1.911E-05
2.127	2.468E-05
2.128	2.334E-05
2.129	2.283E-05
2.130	2.051E-05
2.131	2.067E-05
2.132	2.300E-05
2.133	2.104E-05
2.134	2.000E-05
2.135	1.714E-05
2.136	1.863E-05
2.137	1.749E-05
2.138	1.789E-05
2.139	1.862E-05
2.140	2.097E-05
2.141	2.350E-05
2.142	2.119E-05
2.143	2.083E-05
2.144	1.893E-05
2.145	2.056E-05
2.146	2.026E-05
2.147	1.893E-05
2.148	2.049E-05
2.149	2.157E-05
2.150	2.085E-05
2.151	1.971E-05
2.152	2.288E-05
2.153	2.555E-05
2.154	2.623E-05
2.155	2.398E-05
2.156	2.165E-05
2.157	2.088E-05
2.158	1.894E-05
2.159	2.207E-05
2.160	2.118E-05
2.161	2.308E-05
2.162	2.231E-05
2.163	2.395E-05
2.164	2.458E-05
2.165	2.221E-05
2.166	2.013E-05
2.167	1.745E-05
2.168	1.684E-05
2.169	1.903E-05
2.170	2.228E-05
2.171	2.320E-05
2.172	1.968E-05
2.173	1.954E-05
2.174	2.045E-05
2.175	2.437E-05
2.176	2.042E-05
2.177	1.848E-05
2.178	1.804E-05
2.179	1.914E-05
2.180	1.871E-05
2.181	1.983E-05
2.182	1.998E-05
2.183	2.220E-05
2.184	2.022E-05
2.185	2.120E-05
2.186	1.969E-05
2.187	1.723E-05
2.188	1.524E-05
2.189	1.677E-05
2.190	1.888E-05
2.191	2.255E-05
2.192	2.445E-05
2.193	2.334E-05
2.194	2.177E-05
2.195	2.091E-05
2.196	2.446E-05
2.197	2.535E-05
2.198	2.792E-05
2.199	2.569E-05
2.200	2.599E-05
2.201	2.473E-05
2.202	2.593E-05
2.203	2.554E-05
2.204	2.584E-05
2.205	2.771E-05
2.206	2.803E-05
2.207	2.658E-05
2.208	2.485E-05
2.209	2.650E-05
2.210	2.863E-05
2.211	3.083E-05
2.212	3.443E-05
2.213	3.734E-05
2.214	3.639E-05
2.215	2.551E-05
2.216	2.487E-05
2.217	2.826E-05
2.218	3.714E-05
2.219	3.366E-05
2.220	3.053E-05
2.221	3.011E-05
2.222	3.177E-05
2.223	3.134E-05
2.224	2.893E-05
2.225	2.522E-05
2.226	2.951E-05
2.227	2.978E-05
2.228	3.322E-05
2.229	3.352E-05
2.230	3.357E-05
2.231	3.262E-05
2.232	2.909E-05
2.233	3.021E-05
2.234	2.996E-05
2.235	3.325E-05
2.236	3.261E-05
2.237	3.654E-05
2.238	3.048E-05
2.239	3.463E-05
2.240	3.779E-05
2.241	4.097E-05
2.242	4.033E-05
2.243	3.732E-05
2.244	3.482E-05
2.245	3.470E-05
2.246	3.129E-05
2.247	3.670E-05
2.248	3.389E-05
2.249	3.636E-05
2.250	3.364E-05
2.251	3.556E-05
2.252	3.386E-05
2.253	3.750E-05
2.254	4.151E-05
2.255	4.642E-05
2.256	4.710E-05
2.257	4.064E-05
2.258	3.605E-05
2.259	3.654E-05
2.260	4.420E-05
2.261	4.702E-05
2.262	4.324E-05
2.263	3.798E-05
2.264	3.533E-05
2.265	3.399E-05
2.266	3.473E-05
2.267	3.350E-05
2.268	3.776E-05
2.269	3.738E-05
2.270	3.964E-05
2.271	3.528E-05
2.272	3.311E-05
2.273	3.364E-05
2.274	3.380E-05
2.275	3.490E-05
2.276	3.012E-05
2.277	2.761E-05
2.278	2.566E-05
2.279	2.819E-05
2.280	2.778E-05
2.281	2.632E-05
2.282	2.130E-05
2.283	2.089E-05
2.284	2.300E-05
2.285	2.402E-05
2.286	2.380E-05
2.287	2.012E-05
2.288	2.129E-05
2.289	2.097E-05
2.290	1.945E-05
2.291	2.030E-05
2.292	1.916E-05
2.293	1.995E-05
2.294	2.038E-05
2.295	1.951E-05
2.296	2.040E-05
2.297	1.701E-05
2.298	1.561E-05
2.299	1.460E-05
2.300	1.411E-05
2.301	1.593E-05
2.302	1.455E-05
2.303	1.409E-05
2.304	1.306E-05
2.305	1.432E-05
2.306	1.568E-05
2.307	1.396E-05
2.308	1.448E-05
2.309	1.344E-05
2.310	1.510E-05
2.311	1.190E-05
2.312	1.046E-05
2.313	1.061E-05
2.314	1.186E-05
2.315	1.192E-05
2.316	1.067E-05
2.317	9.606E-06
2.318	8.701E-06
2.319	9.296E-06
2.320	9.420E-06
2.321	9.538E-06
2.322	8.749E-06
2.323	7.759E-06
2.324	7.889E-06
2.325	7.552E-06
2.326	8.108E-06
2.327	8.467E-06
2.328	7.618E-06
2.329	6.493E-06
2.330	5.767E-06
2.331	5.833E-06
2.332	5.993E-06
2.333	5.585E-06
2.334	5.204E-06
2.335	4.846E-06
2.336	4.517E-06
2.337	4.142E-06
2.338	4.262E-06
2.339	3.890E-06
2.340	4.112E-06
2.341	4.101E-06
2.342	4.453E-06
2.343	4.373E-06
2.344	3.898E-06
2.345	3.408E-06
2.346	3.060E-06
2.347	3.054E-06
2.348	3.335E-06
2.349	3.810E-06
2.350	3.837E-06
2.351	3.789E-06
2.352	3.139E-06
2.353	2.995E-06
2.354	2.940E-06
2.355	3.141E-06
2.356	3.543E-06
2.357	3.331E-06
2.358	3.253E-06
2.359	2.785E-06
2.360	2.479E-06
2.361	2.237E-06
2.362	2.315E-06
2.363	2.486E-06
2.364	2.539E-06
2.365	2.076E-06
2.366	1.790E-06
2.367	1.661E-06
2.368	1.460E-06
2.369	1.240E-06
2.370	9.857E-07
2.371	9.604E-07
2.372	8.187E-07
2.373	6.632E-07
2.374	5.652E-07
2.375	4.978E-07
2.376	4.683E-07
2.377	4.212E-07
2.378	4.103E-07
2.379	3.980E-07
2.380	3.352E-07
2.381	3.448E-07
2.382	3.696E-07
2.383	4.436E-07
2.384	4.621E-07
2.385	4.704E-07
2.386	4.850E-07
2.387	4.680E-07
2.388	4.818E-07
2.389	4.808E-07
2.390	5.552E-07
2.391	6.476E-07
2.392	7.243E-07
2.393	7.445E-07
2.394	6.748E-07
2.395	6.163E-07
2.396	6.014E-07
2.397	6.547E-07
2.398	6.859E-07
2.399	7.780E-07
2.400	7.339E-07
2.401	7.233E-07
2.402	6.901E-07
2.403	7.457E-07
2.404	7.651E-07
2.405	6.803E-07
2.406	6.329E-07
2.407	5.722E-07
2.408	6.044E-07
2.409	5.343E-07
2.410	5.909E-07
2.411	5.178E-07
2.412	5.733E-07
2.413	5.003E-07
2.414	4.620E-07
2.415	4.120E-07
2.416	3.972E-07
2.417	4.362E-07
2.418	4.593E-07
2.419	4.560E-07
2.420	4.220E-07
2.421	3.920E-07
2.422	4.431E-07
2.423	4.228E-07
2.424	4.059E-07
2.425	3.252E-07
2.426	3.412E-07
2.427	2.717E-07
2.428	3.024E-07
2.429	3.242E-07
2.430	4.020E-07
2.431	3.850E-07
2.432	3.692E-07
2.433	4.196E-07
2.434	4.620E-07
2.435	4.796E-07
2.436	4.816E-07
2.437	4.550E-07
2.438	4.646E-07
2.439	4.715E-07
2.440	4.782E-07
2.441	4.661E-07
2.442	3.798E-07
2.443	3.905E-07
2.444	4.257E-07
2.445	4.992E-07
2.446	5.290E-07
2.447	5.509E-07
2.448	4.896E-07
2.449	5.070E-07
2.450	4.245E-07
2.451	4.599E-07
2.452	4.723E-07
2.453	5.193E-07
2.454	5.059E-07
2.455	4.122E-07
2.456	3.619E-07
2.457	3.431E-07
2.458	4.472E-07
2.459	4.711E-07
2.460	5.373E-07
2.461	4.626E-07
2.462	5.052E-07
2.463	4.006E-07
2.464	3.841E-07
2.465	3.061E-07
2.466	3.200E-07
2.467	3.253E-07
2.468	3.550E-07
2.469	3.698E-07
2.470	3.226E-07
2.471	2.952E-07
2.472	2.455E-07
2.473	2.661E-07
2.474	2.728E-07
2.475	2.763E-07
2.476	2.836E-07
2.477	2.488E-07
2.478	2.222E-07
2.479	1.952E-07
2.480	2.179E-07
2.481	2.359E-07
2.482	2.316E-07
2.483	2.146E-07
2.484	1.923E-07
2.485	2.014E-07
2.486	1.740E-07
2.487	2.113E-07
2.488	2.151E-07
2.489	2.575E-07
2.490	2.680E-07
2.491	2.564E-07
2.492	2.460E-07
2.493	2.190E-07
2.494	2.444E-07
2.495	2.360E-07
2.496	2.842E-07
2.497	2.714E-07
2.498	3.126E-07
2.499	2.788E-07
2.500	2.523E-07
2.501	2.407E-07
2.502	2.800E-07
2.503	3.382E-07
2.504	2.735E-07
2.505	2.725E-07
2.506	2.697E-07
2.507	3.894E-07
2.508	3.686E-07
2.509	3.129E-07
2.510	2.717E-07
2.511	3.330E-07
2.512	4.566E-07
2.513	5.447E-07
2.514	5.755E-07
2.515	5.913E-07
2.516	6.051E-07
2.517	6.000E-07
2.518	6.573E-07
2.519	6.216E-07
2.520	6.340E-07
2.521	6.069E-07
2.522	6.565E-07
2.523	6.488E-07
2.524	7.214E-07
2.525	7.865E-07
2.526	7.616E-07
2.527	7.555E-07
2.528	7.674E-07
2.529	9.870E-07
2.530	9.510E-07
2.531	1.071E-06
2.532	1.166E-06
2.533	1.373E-06
2.534	1.293E-06
2.535	1.290E-06
2.536	1.234E-06
2.537	1.316E-06
2.538	1.446E-06
2.539	1.344E-06
2.540	1.545E-06
2.541	1.462E-06
2.542	1.597E-06
2.543	1.329E-06
2.544	1.456E-06
2.545	1.352E-06
2.546	1.675E-06
2.547	1.758E-06
2.548	2.137E-06
2.549	2.229E-06
2.550	2.160E-06
2.551	2.335E-06
2.552	1.975E-06
2.553	2.034E-06
2.554	1.651E-06
2.555	2.176E-06
2.556	2.205E-06
2.557	2.339E-06
2.558	2.461E-06
2.559	2.785E-06
2.560	3.181E-06
2.561	3.240E-06
2.562	3.083E-06
2.563	3.370E-06
2.564	3.309E-06
2.565	3.163E-06
2.566	2.958E-06
2.567	3.317E-06
2.568	3.629E-06
2.569	3.153E-06
2.570	2.640E-06
2.571	2.571E-06
2.572	3.321E-06
2.573	3.357E-06
2.574	3.548E-06
2.575	3.246E-06
2.576	3.703E-06
2.577	3.411E-06
2.578	3.725E-06
2.579	3.439E-06
2.580	3.766E-06
2.581	3.497E-06
2.582	3.500E-06
2.583	3.486E-06
2.584	3.816E-06
2.585	4.255E-06
2.586	4.478E-06
2.587	3.893E-06
2.588	3.482E-06
2.589	3.443E-06
2.590	4.088E-06
2.591	4.474E-06
2.592	4.482E-06
2.593	3.741E-06
2.594	3.768E-06
2.595	3.881E-06
2.596	4.296E-06
2.597	3.776E-06
